6161 267
6162 288
6163 289
6164 281
6165 276
6166 279
6167 273
6168 266
6169 271
6170 282
6171 282
6172 285
6173 280
6174 288
6175 274
6176 268
6177 275
6178 266
6179 260
6180 279
6181 266
6182 260
6183 261
6184 247
6185 214
6186 215
6187 215
6188 213
6189 215
6190 215
6191 213
6192 214
6193 214
6194 214
6195 215
6196 215
6197 213
6198 214
6199 215
6200 215
6201 214
6202 214
6203 214
6204 215
6205 213
6206 214
6207 214
6208 213
6209 213
6210 212
6211 213
6212 212
6213 213
6214 213
6215 212
6216 213
6217 212
6218 214
6219 213
6220 213
6221 212
6222 213
6223 215
6224 213
6225 214
6226 213
6227 214
6228 213
6229 239
6230 212
6231 215
6232 214
6233 215
6234 215
6235 214
6236 216
6237 215
6238 215
6239 216
6240 216
6241 215
6242 215
6243 215
6244 215
6245 214
6246 215
6247 213
6248 215
6249 214
6250 213
6251 215
6252 214
6253 214
6254 215
6255 214
6256 215
6257 215
6258 214
6259 215
6260 213
6261 214
6262 214
6263 215
6264 214
6265 214
6266 213
6267 213
6268 214
6269 213
6270 214
6271 212
6272 213
6273 213
6274 213
6275 213
6276 214
6277 214
6278 215
6279 229
6280 212
6281 213
6282 215
6283 214
6284 214
6285 214
6286 213
6287 214
6288 213
6289 213
6290 214
6291 214
6292 213
6293 213
6294 214
6295 214
6296 214
6297 214
6298 214
6299 214
6300 214
6301 215
6302 214
6303 215
6304 214
6305 214
6306 214
6307 215
6308 215
6309 214
6310 216
6311 214
6312 216
6313 214
6314 214
6315 215
6316 217
6317 215
6318 215
6319 217
6320 215
6321 216
6322 215
6323 215
6324 214
6325 214
6326 215
6327 214
6328 215
6329 221
6330 214
6331 215
6332 215
6333 215
6334 241
6335 278
6336 201
