8638 181
8639 272
8640 276
8641 287
8642 266
8643 264
8644 279
8645 279
8646 280
8647 283
8648 269
8649 268
8650 274
8651 260
8652 256
8653 263
8654 265
8655 304
8656 321
8657 321
8658 320
8659 321
8660 322
8661 322
8662 321
8663 322
8664 322
8665 321
8666 322
8667 322
8668 322
8669 322
8670 322
8671 323
8672 322
8673 322
8674 323
8675 322
8676 323
8677 323
8678 322
8679 322
8680 322
8681 321
8682 322
8683 322
8684 321
8685 321
8686 322
8687 322
8688 322
8689 321
8690 322
8691 322
8692 321
8693 323
8694 322
8695 322
8696 295
8697 324
8698 322
8699 322
8700 321
8701 322
8702 321
8703 320
8704 321
8705 321
8706 321
8707 321
8708 320
8709 320
8710 321
8711 322
8712 321
8713 322
8714 323
8715 322
8716 322
8717 322
8718 321
8719 323
8720 321
8721 322
8722 322
8723 321
8724 320
8725 321
8726 322
8727 321
8728 321
8729 322
8730 321
8731 323
8732 322
8733 321
8734 322
8735 322
8736 323
8737 322
8738 323
8739 323
8740 322
8741 322
8742 322
8743 323
8744 322
8745 322
8746 311
8747 324
8748 323
8749 323
8750 322
8751 324
8752 323
8753 323
8754 324
8755 323
8756 323
8757 324
8758 322
8759 323
8760 322
8761 323
8762 322
8763 322
8764 323
8765 323
8766 322
8767 323
8768 322
8769 323
8770 323
8771 323
8772 323
8773 323
8774 323
8775 323
8776 323
8777 323
8778 323
8779 322
8780 321
8781 323
8782 323
8783 322
8784 323
8785 322
8786 323
8787 322
8788 322
8789 323
8790 323
8791 323
8792 323
8793 323
8794 324
8795 322
8796 315
8797 322
8798 323
8799 321
8800 320
8801 322
8802 321
8803 321
8804 323
8805 322
8806 321
8807 322
8808 322
8809 323
8810 324
8811 322
8812 323
8813 322
8814 322
8815 323
8816 323
8817 322
8818 322
8819 322
8820 321
8821 322
8822 324
8823 323
8824 322
8825 322
8826 322
8827 323
8828 324
8829 322
8830 323
8831 321
8832 323
8833 322
8834 322
8835 322
8836 322
8837 320
8838 322
8839 321
8840 320
8841 322
8842 322
8843 320
8844 321
8845 321
8846 316
8847 319
8848 320
8849 320
8850 320
8851 321
8852 321
8853 319
8854 320
8855 320
8856 320
8857 321
8858 319
8859 321
8860 320
8861 320
8862 321
8863 321
8864 321
8865 321
8866 322
8867 322
8868 323
8869 323
8870 322
8871 321
8872 322
8873 322
8874 322
8875 322
8876 321
8877 321
8878 322
8879 320
8880 321
8881 321
8882 322
8883 320
8884 322
8885 322
8886 320
8887 323
8888 321
8889 321
8890 321
8891 321
8892 321
8893 321
8894 322
8895 320
8896 319
8897 315
8898 321
8899 321
8900 321
8901 322
8902 321
8903 321
8904 321
8905 322
8906 320
8907 321
8908 320
8909 321
8910 320
8911 321
8912 322
8913 321
8914 321
8915 321
8916 321
8917 321
8918 321
8919 321
8920 321
8921 321
8922 321
8923 322
8924 322
8925 322
8926 321
8927 322
8928 321
8929 321
8930 322
8931 323
8932 321
8933 321
8934 320
8935 322
8936 321
8937 322
8938 322
8939 322
8940 323
8941 322
8942 322
8943 323
8944 323
8945 324
8946 324
8947 315
8948 323
8949 322
8950 323
8951 322
8952 322
8953 321
8954 322
8955 322
8956 323
8957 286
8958 281
8959 203
8960 182
8961 182
8962 182
8963 182
8964 183
8965 182
8966 265
8967 246
