5819 277
5820 303
5821 301
5822 293
5823 282
5824 284
5825 300
5826 296
5827 280
5828 280
5829 279
5830 279
5831 279
5832 279
5833 278
5834 278
5835 279
5836 279
5837 278
5838 279
5839 278
5840 279
5841 278
5842 278
5843 278
5844 277
5845 277
5846 277
5847 278
5848 278
5849 277
5850 278
5851 278
5852 277
5853 278
5854 279
5855 278
5856 279
5857 278
5858 278
5859 279
5860 279
5861 278
5862 279
5863 279
5864 279
5865 278
5866 278
5867 279
5868 278
5869 280
5870 278
5871 277
5872 279
5873 281
5874 278
5875 280
5876 280
5877 278
5878 280
5879 279
5880 279
5881 279
5882 278
5883 278
5884 278
5885 279
5886 278
5887 279
5888 279
5889 278
5890 278
5891 279
5892 280
5893 279
5894 279
5895 279
5896 279
5897 278
5898 279
5899 277
5900 176
5901 95
5902 100
5903 100
5904 100
5905 99
5906 100
5907 99
5908 99
5909 101
5910 100
5911 101
5912 101
5913 102
5914 101
5915 100
5916 101
5917 101
5918 101
5919 101
5920 101
5921 196
5922 137
5923 101
5924 99
5925 101
5926 100
5927 101
5928 100
5929 100
5930 101
5931 101
5932 101
5933 100
5934 102
5935 101
5936 101
5937 101
5938 103
5939 101
5940 102
5941 101
5942 101
5943 101
5944 101
5945 102
5946 102
5947 101
5948 101
5949 102
5950 102
5951 102
5952 102
5953 102
5954 102
5955 102
5956 101
5957 101
5958 102
5959 101
5960 100
5961 101
5962 100
5963 102
5964 101
5965 101
5966 100
5967 101
5968 101
5969 102
5970 101
5971 177
5972 140
5973 102
5974 102
5975 101
5976 102
5977 102
5978 101
5979 100
5980 100
5981 101
5982 101
5983 101
5984 101
5985 101
5986 101
5987 101
5988 101
5989 103
5990 101
5991 100
5992 152
5993 145
5994 102
5995 101
5996 101
5997 100
5998 101
5999 100
6000 101
6001 100
6002 102
6003 100
6004 100
6005 101
6006 101
6007 100
6008 101
6009 149
6010 259
6011 262
6012 298
6013 165
6014 99
6015 102
6016 100
6017 101
6018 101
6019 100
6020 102
6021 156
6022 151
6023 102
6024 101
6025 101
6026 103
6027 102
6028 102
6029 102
6030 102
6031 102
6032 100
6033 102
6034 101
6035 101
6036 100
6037 101
6038 100
6039 101
6040 100
6041 101
6042 100
6043 100
6044 100
6045 101
6046 101
6047 100
6048 100
6049 101
6050 100
6051 100
6052 101
6053 100
6054 99
6055 100
6056 100
6057 99
6058 100
6059 101
6060 101
6061 99
6062 102
6063 100
6064 101
6065 102
6066 102
6067 102
6068 102
6069 101
6070 101
6071 137
6072 167
6073 100
6074 101
6075 101
6076 101
6077 101
6078 101
6079 101
6080 100
6081 100
6082 101
6083 102
6084 101
6085 100
6086 101
6087 101
6088 100
6089 101
6090 101
6091 100
6092 100
6093 101
6094 100
6095 100
6096 100
6097 100
6098 100
6099 100
6100 100
6101 99
6102 100
6103 101
6104 100
6105 100
6106 100
6107 99
6108 100
6109 100
6110 101
6111 100
6112 100
6113 100
6114 101
6115 100
6116 100
6117 101
6118 99
6119 101
6120 99
6121 114
6122 194
6123 96
6124 102
6125 100
6126 100
6127 100
6128 101
6129 101
6130 99
6131 100
6132 100
6133 99
6134 101
6135 101
6136 100
6137 101
6138 100
6139 101
6140 100
6141 102
6142 102
6143 102
6144 101
6145 102
6146 101
6147 101
6148 101
6149 101
6150 100
6151 100
6152 101
6153 101
6154 101
6155 101
6156 102
6157 101
6158 101
6159 101
6160 102
6161 102
6162 101
6163 101
6164 101
6165 102
6166 101
6167 102
6168 101
6169 101
6170 101
6171 100
6172 208
6173 94
6174 101
6175 101
6176 100
6177 101
6178 101
6179 102
6180 101
6181 102
6182 101
6183 101
6184 101
6185 102
6186 100
6187 101
6188 101
6189 100
6190 100
6191 102
6192 101
6193 101
6194 101
6195 100
6196 101
6197 101
6198 100
6199 101
6200 101
6201 102
6202 101
6203 102
6204 101
6205 101
6206 101
6207 100
6208 100
6209 101
6210 101
6211 100
6212 101
6213 100
6214 101
6215 101
6216 101
6217 101
6218 101
6219 103
6220 102
6221 101
6222 202
6223 102
6224 102
6225 101
6226 101
6227 100
6228 102
6229 102
6230 100
6231 102
6232 101
6233 101
6234 102
6235 101
6236 101
6237 101
6238 102
6239 101
6240 100
6241 101
6242 100
6243 99
6244 101
6245 100
6246 100
6247 100
6248 99
6249 101
6250 101
6251 100
6252 100
6253 100
6254 100
6255 101
6256 100
6257 101
6258 100
6259 100
6260 101
6261 100
6262 102
6263 101
6264 100
6265 101
6266 101
6267 100
6268 101
6269 101
6270 101
6271 102
6272 189
6273 114
6274 102
6275 102
6276 100
6277 101
6278 101
6279 102
6280 100
6281 101
6282 101
6283 102
6284 99
6285 100
6286 101
6287 100
6288 100
6289 100
6290 101
6291 100
6292 100
6293 101
6294 100
6295 102
6296 101
6297 99
6298 102
6299 100
6300 100
6301 100
6302 100
6303 99
6304 100
6305 100
6306 99
6307 99
6308 100
6309 99
6310 100
6311 100
6312 101
6313 101
6314 101
6315 100
6316 101
6317 101
6318 101
6319 101
6320 100
6321 101
6322 178
6323 122
6324 101
6325 99
6326 101
6327 101
6328 99
6329 100
6330 101
6331 100
6332 101
6333 101
6334 101
6335 101
6336 101
6337 101
6338 101
6339 101
6340 102
6341 99
6342 101
6343 101
6344 101
6345 101
6346 102
6347 101
6348 101
6349 101
6350 102
6351 102
6352 102
6353 101
6354 101
6355 101
6356 102
6357 100
6358 102
6359 101
6360 100
6361 101
6362 101
6363 100
6364 102
6365 101
6366 101
6367 101
6368 101
6369 101
6370 102
6371 102
6372 172
6373 129
6374 104
6375 102
6376 101
6377 101
6378 101
6379 101
6380 100
6381 101
6382 101
6383 100
6384 102
6385 101
6386 101
6387 101
6388 101
6389 102
6390 101
6391 101
6392 101
6393 101
6394 101
6395 101
6396 103
6397 101
6398 100
6399 101
6400 100
6401 101
6402 101
6403 99
6404 102
6405 100
6406 101
6407 102
6408 100
6409 101
6410 102
6411 101
6412 102
6413 101
6414 101
6415 101
6416 101
6417 100
6418 100
6419 102
6420 101
6421 101
6422 162
6423 139
6424 102
6425 101
6426 102
6427 102
6428 101
6429 101
6430 101
6431 101
6432 102
6433 101
6434 101
6435 101
6436 100
6437 100
6438 101
6439 100
6440 100
6441 100
6442 101
6443 99
6444 100
6445 101
6446 100
6447 100
6448 101
6449 100
6450 100
6451 100
6452 100
6453 100
6454 100
6455 99
6456 99
6457 101
6458 101
6459 99
6460 100
6461 100
6462 102
6463 101
6464 101
6465 102
6466 101
6467 102
6468 101
6469 102
6470 101
6471 101
6472 148
6473 156
6474 100
6475 101
6476 100
6477 100
6478 100
6479 102
6480 100
6481 101
6482 101
6483 100
6484 101
6485 102
6486 100
6487 101
6488 101
6489 100
6490 101
6491 102
6492 100
6493 100
6494 100
6495 100
6496 100
6497 99
6498 100
6499 100
6500 100
6501 100
6502 99
6503 101
6504 100
6505 101
6506 100
6507 99
6508 99
6509 100
6510 101
6511 100
6512 100
6513 100
6514 99
6515 100
6516 100
6517 100
6518 101
6519 100
6520 101
6521 101
6522 123
6523 185
6524 97
6525 101
6526 101
6527 100
6528 101
6529 101
6530 100
6531 101
6532 99
6533 100
6534 101
6535 101
6536 100
6537 100
6538 101
6539 101
6540 101
6541 102
6542 102
6543 102
6544 101
6545 102
6546 102
6547 101
6548 101
6549 102
6550 102
6551 101
6552 101
6553 101
6554 101
6555 101
6556 101
6557 100
6558 102
6559 102
6560 100
6561 103
6562 101
6563 102
6564 102
6565 101
6566 102
6567 101
6568 101
6569 102
6570 101
6571 101
6572 105
6573 203
6574 95
6575 101
6576 101
6577 101
6578 100
6579 100
6580 102
6581 102
6582 102
6583 101
6584 100
6585 101
6586 101
6587 101
6588 101
6589 100
6590 100
6591 101
6592 100
6593 101
6594 101
6595 101
6596 102
6597 101
6598 100
6599 101
6600 102
6601 102
6602 100
6603 102
6604 100
6605 102
6606 100
6607 101
6608 100
6609 101
6610 100
6611 101
6612 101
6613 100
6614 100
6615 101
6616 101
6617 101
6618 102
6619 101
6620 102
6621 102
6622 101
6623 205
6624 98
6625 100
6626 103
6627 100
6628 101
6629 102
6630 101
6631 100
6632 101
6633 100
6634 101
6635 101
6636 101
6637 101
6638 101
6639 102
6640 100
6641 100
6642 101
6643 100
6644 101
6645 99
6646 100
6647 99
6648 100
6649 100
6650 100
6651 100
6652 100
6653 100
6654 100
6655 100
6656 101
6657 101
6658 101
6659 100
6660 101
6661 101
6662 101
6663 101
6664 102
6665 99
6666 101
6667 101
6668 101
6669 101
6670 101
6671 100
6672 102
6673 195
6674 108
6675 100
6676 101
6677 102
6678 103
6679 100
6680 102
6681 100
6682 102
6683 101
6684 100
6685 102
6686 98
6687 101
6688 99
6689 101
6690 101
6691 101
6692 101
6693 100
6694 101
6695 100
6696 101
6697 101
6698 100
6699 100
6700 101
6701 99
6702 100
6703 100
6704 99
6705 100
6706 99
6707 101
6708 99
6709 99
6710 99
6711 101
6712 99
6713 102
6714 101
6715 99
6716 102
6717 102
6718 100
6719 101
6720 100
6721 100
6722 99
6723 183
6724 118
6725 100
6726 100
6727 100
6728 100
6729 100
6730 101
6731 101
6732 100
6733 102
6734 100
6735 101
6736 101
6737 101
6738 102
6739 102
6740 101
6741 101
6742 100
6743 101
6744 100
6745 101
6746 101
6747 101
6748 101
6749 101
6750 100
6751 101
6752 102
6753 103
6754 101
6755 103
6756 101
6757 101
6758 103
6759 100
6760 101
6761 101
6762 101
6763 101
6764 100
6765 101
6766 101
6767 101
6768 101
6769 101
6770 101
6771 102
6772 102
6773 176
6774 127
6775 102
6776 101
6777 101
6778 101
6779 102
6780 101
6781 100
6782 101
6783 101
6784 101
6785 102
6786 101
6787 101
6788 101
6789 100
6790 102
6791 101
6792 102
6793 101
6794 101
6795 101
6796 101
6797 103
6798 100
6799 101
6800 100
6801 101
6802 101
6803 100
6804 101
6805 101
6806 101
6807 101
6808 101
6809 101
6810 101
6811 101
6812 102
6813 101
6814 101
6815 101
6816 101
6817 101
6818 101
6819 100
6820 101
6821 100
6822 102
6823 167
6824 135
6825 102
6826 101
6827 101
6828 101
6829 102
6830 102
6831 102
6832 101
6833 101
6834 101
6835 100
6836 101
6837 101
6838 100
6839 99
6840 101
6841 100
6842 100
6843 100
6844 99
6845 101
6846 100
6847 101
6848 100
6849 100
6850 100
6851 100
6852 100
6853 100
6854 99
6855 101
6856 100
6857 99
6858 100
6859 100
6860 99
6861 101
6862 101
6863 100
6864 101
6865 101
6866 101
6867 102
6868 102
6869 100
6870 103
6871 101
6872 102
6873 155
6874 146
6875 102
6876 101
6877 99
6878 102
6879 100
6880 102
6881 99
6882 101
6883 101
6884 100
6885 101
6886 101
6887 101
6888 100
6889 100
6890 102
6891 101
6892 101
6893 101
6894 100
6895 100
6896 101
6897 99
6898 100
6899 100
6900 99
6901 101
6902 98
6903 99
6904 100
6905 101
6906 100
6907 100
6908 101
6909 99
6910 99
6911 100
6912 100
6913 101
6914 100
6915 100
6916 99
6917 101
6918 101
6919 99
6920 100
6921 100
6922 101
6923 135
6924 168
6925 99
6926 101
6927 101
6928 100
6929 102
6930 100
6931 100
6932 100
6933 99
6934 100
6935 100
6936 101
6937 101
6938 100
6939 101
6940 101
6941 100
6942 101
6943 102
6944 101
6945 103
6946 101
6947 101
6948 102
6949 100
6950 102
6951 101
6952 102
6953 100
6954 100
6955 101
6956 101
6957 102
6958 101
6959 101
6960 101
6961 101
6962 103
6963 101
6964 102
6965 102
6966 101
6967 101
6968 101
6969 101
6970 101
6971 101
6972 102
6973 114
6974 233
6975 103
6976 102
6977 100
6978 101
6979 101
6980 101
6981 102
6982 102
6983 101
6984 101
6985 101
6986 101
6987 102
6988 101
6989 101
6990 100
6991 100
6992 101
6993 100
6994 100
6995 102
6996 101
6997 101
6998 100
6999 100
7000 102
7001 102
7002 102
7003 100
7004 102
7005 193
7006 103
7007 102
7008 101
7009 100
7010 101
7011 100
7012 101
7013 101
7014 101
7015 101
7016 259
7017 183
7018 96
7019 102
7020 103
7021 101
7022 101
7023 103
7024 206
7025 96
7026 102
7027 102
7028 101
7029 100
7030 101
7031 101
7032 101
7033 101
7034 101
7035 101
7036 100
7037 102
7038 101
7039 100
7040 101
7041 101
7042 100
7043 100
7044 101
7045 99
7046 101
7047 99
7048 100
7049 99
7050 100
7051 99
7052 100
7053 100
7054 99
7055 101
7056 99
7057 100
7058 101
7059 101
7060 100
7061 100
7062 101
7063 101
7064 101
7065 102
7066 100
7067 100
7068 101
7069 101
7070 101
7071 101
7072 101
7073 101
7074 200
7075 102
7076 100
7077 101
7078 102
7079 100
7080 101
7081 101
7082 100
7083 101
7084 100
7085 101
7086 100
7087 100
7088 101
7089 99
7090 101
7091 100
7092 100
7093 101
7094 100
7095 101
7096 101
7097 100
7098 101
7099 100
7100 100
7101 101
7102 99
7103 101
7104 101
7105 99
7106 99
7107 99
7108 99
7109 99
7110 100
7111 99
7112 100
7113 99
7114 101
7115 101
7116 101
7117 101
7118 101
7119 99
7120 100
7121 100
7122 101
7123 101
7124 187
7125 113
7126 100
7127 100
7128 99
7129 100
7130 101
7131 100
7132 100
7133 100
7134 100
7135 101
7136 101
7137 102
7138 100
7139 101
7140 102
7141 100
7142 101
7143 101
7144 101
7145 101
7146 240
7147 152
7148 101
7149 103
7150 100
7151 101
7152 100
7153 102
7154 102
7155 100
7156 102
7157 101
7158 101
7159 102
7160 101
7161 103
7162 99
7163 100
7164 101
7165 101
7166 102
7167 101
7168 102
7169 100
7170 101
7171 102
7172 101
7173 101
7174 180
7175 124
7176 102
7177 102
7178 102
7179 101
7180 101
7181 101
7182 101
7183 100
7184 101
7185 100
7186 101
7187 101
7188 100
7189 102
7190 102
7191 101
7192 101
7193 101
7194 101
7195 102
7196 101
7197 101
7198 101
7199 101
7200 100
7201 101
7202 100
7203 101
7204 101
7205 101
7206 100
7207 102
7208 100
7209 101
7210 100
7211 102
7212 102
7213 100
7214 102
7215 102
7216 100
7217 102
7218 101
7219 102
7220 101
7221 101
7222 100
7223 101
7224 171
7225 132
7226 102
7227 102
7228 101
7229 102
7230 102
7231 101
7232 102
7233 101
7234 102
7235 101
7236 100
7237 102
7238 100
7239 100
7240 101
7241 100
7242 100
7243 100
7244 100
7245 101
7246 100
7247 99
7248 101
7249 101
7250 100
7251 101
7252 100
7253 100
7254 100
7255 101
7256 99
7257 101
7258 98
7259 100
7260 100
7261 99
7262 101
7263 100
7264 100
7265 101
7266 102
7267 103
7268 101
7269 100
7270 101
7271 101
7272 101
7273 101
7274 163
7275 139
7276 102
7277 100
7278 100
7279 100
7280 101
7281 100
7282 100
7283 100
7284 100
7285 100
7286 102
7287 102
7288 102
7289 101
7290 101
7291 100
7292 101
7293 101
7294 101
7295 100
7296 100
7297 100
7298 100
7299 99
7300 99
7301 100
7302 99
7303 100
7304 100
7305 100
7306 100
7307 100
7308 100
7309 100
7310 100
7311 99
7312 100
7313 101
7314 101
7315 100
7316 100
7317 100
7318 101
7319 101
7320 100
7321 100
7322 100
7323 100
7324 145
7325 156
7326 100
7327 101
7328 100
7329 100
7330 100
7331 100
7332 102
7333 100
7334 100
7335 100
7336 100
7337 101
7338 99
7339 101
7340 101
7341 101
7342 101
7343 101
7344 102
7345 102
7346 102
7347 100
7348 102
7349 101
7350 101
7351 102
7352 101
7353 102
7354 100
7355 101
7356 101
7357 101
7358 102
7359 101
7360 101
7361 101
7362 101
7363 102
7364 101
7365 102
7366 101
7367 101
7368 102
7369 102
7370 100
7371 102
7372 101
7373 101
7374 123
7375 182
7376 98
7377 102
7378 100
7379 101
7380 100
7381 101
7382 102
7383 101
7384 102
7385 101
7386 101
7387 101
7388 101
7389 101
7390 101
7391 101
7392 101
7393 101
7394 100
7395 101
7396 101
7397 101
7398 101
7399 101
7400 100
7401 101
7402 101
7403 101
7404 102
7405 100
7406 101
7407 102
7408 101
7409 101
7410 101
7411 100
7412 101
7413 100
7414 100
7415 102
7416 101
7417 101
7418 102
7419 101
7420 101
7421 101
7422 101
7423 101
7424 106
7425 205
7426 96
7427 101
7428 102
7429 100
7430 101
7431 101
7432 100
7433 101
7434 100
7435 101
7436 101
7437 101
7438 101
7439 102
7440 100
7441 101
7442 101
7443 101
7444 101
7445 100
7446 101
7447 100
7448 100
7449 99
7450 99
7451 101
7452 100
7453 99
7454 100
7455 101
7456 99
7457 101
7458 100
7459 101
7460 100
7461 100
7462 100
7463 101
7464 101
7465 102
7466 100
7467 102
7468 100
7469 100
7470 102
7471 101
7472 101
7473 100
7474 101
7475 205
7476 97
7477 102
7478 101
7479 103
7480 100
7481 100
7482 101
7483 101
7484 101
7485 102
7486 100
7487 100
7488 100
7489 101
7490 101
7491 100
7492 101
7493 101
7494 100
7495 101
7496 100
7497 102
7498 100
7499 100
7500 100
7501 100
7502 100
7503 100
7504 101
7505 99
7506 99
7507 99
7508 100
7509 99
7510 99
7511 99
7512 100
7513 99
7514 102
7515 100
7516 101
7517 100
7518 102
7519 99
7520 101
7521 101
7522 100
7523 100
7524 100
7525 193
7526 107
7527 100
7528 99
7529 100
7530 100
7531 100
7532 101
7533 100
7534 100
7535 101
7536 101
7537 101
7538 101
7539 101
7540 100
7541 101
7542 101
7543 101
7544 99
7545 100
7546 100
7547 101
7548 101
7549 101
7550 101
7551 101
7552 101
7553 102
7554 100
7555 102
7556 101
7557 101
7558 101
7559 101
7560 101
7561 100
7562 102
7563 101
7564 101
7565 99
7566 102
7567 101
7568 100
7569 102
7570 101
7571 101
7572 102
7573 102
7574 101
7575 183
7576 121
7577 101
7578 101
7579 101
7580 101
7581 100
7582 101
7583 100
7584 100
7585 102
7586 101
7587 100
7588 101
7589 101
7590 101
7591 101
7592 101
7593 101
7594 101
7595 101
7596 101
7597 102
7598 100
7599 100
7600 101
7601 100
7602 100
7603 100
7604 100
7605 101
7606 101
7607 100
7608 101
7609 101
7610 100
7611 101
7612 102
7613 101
7614 101
7615 101
7616 101
7617 102
7618 101
7619 101
7620 101
7621 102
7622 100
7623 100
7624 101
7625 201
7626 196
7627 94
7628 101
7629 101
7630 102
7631 102
7632 102
7633 101
7634 100
7635 101
7636 101
7637 101
7638 101
7639 100
7640 100
7641 100
7642 100
7643 99
7644 100
7645 100
7646 101
7647 99
7648 101
7649 100
7650 101
7651 101
7652 101
7653 100
7654 100
7655 100
7656 99
7657 101
7658 98
7659 100
7660 99
7661 99
7662 100
7663 100
7664 101
7665 102
7666 100
7667 101
7668 100
7669 103
7670 101
7671 102
7672 101
7673 102
7674 101
7675 168
7676 135
7677 103
7678 99
7679 100
7680 100
7681 100
7682 101
7683 100
7684 100
7685 100
7686 100
7687 101
7688 101
7689 101
7690 102
7691 101
7692 101
7693 100
7694 101
7695 101
7696 101
7697 99
7698 100
7699 100
7700 100
7701 100
7702 99
7703 100
7704 99
7705 100
7706 100
7707 100
7708 100
7709 101
7710 100
7711 99
7712 100
7713 100
7714 100
7715 101
7716 99
7717 99
7718 101
7719 100
7720 100
7721 101
7722 100
7723 99
7724 101
7725 155
7726 145
7727 102
7728 100
7729 101
7730 101
7731 100
7732 100
7733 101
7734 100
7735 99
7736 100
7737 100
7738 100
7739 99
7740 101
7741 101
7742 100
7743 101
7744 101
7745 101
7746 102
7747 100
7748 102
7749 102
7750 100
7751 103
7752 102
7753 101
7754 100
7755 100
7756 101
7757 100
7758 102
7759 101
7760 101
7761 101
7762 101
7763 100
7764 102
7765 101
7766 102
7767 101
7768 103
7769 101
7770 100
7771 102
7772 101
7773 101
7774 100
7775 135
7776 169
7777 99
7778 101
7779 101
7780 101
7781 101
7782 101
7783 101
7784 102
7785 101
7786 101
7787 101
7788 101
7789 101
7790 102
7791 101
7792 100
7793 101
7794 100
7795 100
7796 100
7797 101
7798 100
7799 101
7800 101
7801 101
7802 101
7803 102
7804 101
7805 101
7806 100
7807 101
7808 101
7809 101
7810 101
7811 100
7812 101
7813 100
7814 100
7815 101
7816 100
7817 100
7818 102
7819 100
7820 101
7821 101
7822 102
7823 102
7824 102
7825 113
7826 202
7827 96
7828 101
7829 102
7830 101
7831 101
7832 100
7833 101
7834 101
7835 100
7836 101
7837 101
7838 100
7839 100
7840 101
7841 101
7842 101
7843 100
7844 100
7845 101
7846 101
7847 100
7848 100
7849 100
7850 99
7851 99
7852 99
7853 100
7854 100
7855 101
7856 99
7857 100
7858 100
7859 100
7860 101
7861 100
7862 100
7863 101
7864 100
7865 101
7866 101
7867 101
7868 100
7869 102
7870 100
7871 102
7872 100
7873 102
7874 101
7875 101
7876 208
7877 94
7878 102
7879 102
7880 101
7881 101
7882 101
7883 100
7884 101
7885 100
7886 101
7887 101
7888 99
7889 100
7890 101
7891 100
7892 100
7893 100
7894 100
7895 100
7896 100
7897 101
7898 102
7899 100
7900 102
7901 100
7902 100
7903 100
7904 100
7905 100
7906 101
7907 100
7908 99
7909 100
7910 99
7911 99
7912 100
7913 100
7914 101
7915 99
7916 102
7917 100
7918 101
7919 101
7920 101
7921 100
7922 100
7923 101
7924 99
7925 100
7926 199
7927 101
7928 101
7929 99
7930 99
7931 100
7932 99
7933 100
7934 100
7935 100
7936 100
7937 101
7938 101
7939 102
7940 101
7941 101
7942 102
7943 100
7944 102
7945 101
7946 100
7947 101
7948 101
7949 102
7950 101
7951 100
7952 101
7953 101
7954 101
7955 102
7956 102
7957 102
7958 101
7959 101
7960 101
7961 101
7962 102
7963 102
7964 100
7965 102
7966 100
7967 101
7968 101
7969 101
7970 100
7971 101
7972 102
7973 100
7974 103
7975 101
7976 188
7977 116
7978 100
7979 102
7980 101
7981 102
7982 101
7983 101
7984 101
7985 100
7986 101
7987 100
7988 101
7989 100
7990 102
7991 101
7992 101
7993 101
7994 102
7995 101
7996 102
7997 100
7998 101
7999 101
8000 101
8001 102
8002 101
8003 100
8004 101
8005 100
8006 101
8007 101
8008 102
8009 100
8010 100
8011 101
8012 101
8013 102
8014 101
8015 101
8016 100
8017 147
8018 148
8019 101
8020 102
8021 102
8022 100
8023 100
8024 101
8025 101
8026 178
8027 125
8028 101
8029 101
8030 100
8031 102
8032 102
8033 102
8034 102
8035 100
8036 102
8037 101
8038 101
8039 101
8040 101
8041 99
8042 101
8043 101
8044 99
8045 100
8046 100
8047 100
8048 100
8049 100
8050 100
8051 100
8052 102
8053 100
8054 100
8055 100
8056 99
8057 100
8058 101
8059 99
8060 100
8061 100
8062 101
8063 99
8064 101
8065 101
8066 100
8067 101
8068 101
8069 101
8070 102
8071 101
8072 102
8073 101
8074 100
8075 101
8076 171
8077 131
8078 102
8079 100
8080 100
8081 99
8082 101
8083 102
8084 100
8085 100
8086 100
8087 101
8088 100
8089 101
8090 99
8091 102
8092 101
8093 101
8094 101
8095 100
8096 101
8097 101
8098 100
8099 100
8100 99
8101 101
8102 99
8103 100
8104 100
8105 100
8106 99
8107 100
8108 100
8109 100
8110 100
8111 101
8112 99
8113 100
8114 100
8115 100
8116 100
8117 100
8118 100
8119 101
8120 100
8121 100
8122 100
8123 101
8124 100
8125 100
8126 161
8127 140
8128 101
8129 101
8130 100
8131 101
8132 100
8133 100
8134 100
8135 101
8136 100
8137 100
8138 100
8139 100
8140 101
8141 100
8142 101
8143 100
8144 101
8145 101
8146 102
8147 102
8148 101
8149 102
8150 102
8151 101
8152 101
8153 101
8154 103
8155 100
8156 101
8157 101
8158 101
8159 101
8160 101
8161 101
8162 100
8163 101
8164 101
8165 101
8166 103
8167 102
8168 101
8169 101
8170 101
8171 100
8172 101
8173 101
8174 101
8175 101
8176 145
8177 156
8178 101
8179 100
8180 100
8181 102
8182 101
8183 100
8184 102
8185 102
8186 101
8187 102
8188 101
8189 101
8190 101
8191 102
8192 102
8193 101
8194 101
8195 100
8196 101
8197 100
8198 101
8199 101
8200 101
8201 100
8202 101
8203 102
8204 101
8205 101
8206 102
8207 101
8208 101
8209 100
8210 101
8211 101
8212 101
8213 100
8214 100
8215 101
8216 100
8217 101
8218 102
8219 100
8220 102
8221 100
8222 102
8223 102
8224 101
8225 101
8226 124
8227 183
8228 97
8229 101
8230 101
8231 101
8232 100
8233 101
8234 101
8235 101
8236 101
8237 101
8238 101
8239 101
8240 101
8241 102
8242 101
8243 101
8244 101
8245 99
8246 100
8247 101
8248 101
8249 100
8250 100
8251 99
8252 99
8253 99
8254 100
8255 100
8256 100
8257 100
8258 99
8259 100
8260 101
8261 100
8262 101
8263 99
8264 100
8265 101
8266 102
8267 101
8268 101
8269 101
8270 101
8271 101
8272 101
8273 101
8274 101
8275 102
8276 105
8277 204
8278 94
8279 101
8280 101
8281 101
8282 101
8283 100
8284 101
8285 100
8286 101
8287 100
8288 101
8289 100
8290 101
8291 100
8292 100
8293 101
8294 100
8295 101
8296 100
8297 101
8298 101
8299 101
8300 100
8301 101
8302 101
8303 101
8304 100
8305 100
8306 100
8307 99
8308 99
8309 100
8310 100
8311 99
8312 100
8313 98
8314 101
8315 100
8316 100
8317 101
8318 101
8319 101
8320 101
8321 101
8322 100
8323 101
8324 100
8325 101
8326 100
8327 203
8328 97
8329 100
8330 99
8331 100
8332 101
8333 99
8334 101
8335 100
8336 101
8337 101
8338 101
8339 102
8340 100
8341 101
8342 102
8343 101
8344 101
8345 102
8346 100
8347 101
8348 101
8349 102
8350 100
8351 102
8352 100
8353 102
8354 101
8355 101
8356 102
8357 101
8358 102
8359 102
8360 101
8361 102
8362 101
8363 100
8364 102
8365 100
8366 101
8367 101
8368 100
8369 101
8370 102
8371 101
8372 100
8373 101
8374 101
8375 102
8376 101
8377 195
8378 109
8379 101
8380 101
8381 101
8382 101
8383 101
8384 102
8385 100
8386 100
8387 101
8388 101
8389 100
8390 101
8391 100
8392 101
8393 100
8394 102
8395 102
8396 102
8397 101
8398 101
8399 101
8400 99
8401 102
8402 101
8403 101
8404 101
8405 101
8406 100
8407 101
8408 101
8409 100
8410 101
8411 100
8412 100
8413 101
8414 102
8415 101
8416 101
8417 101
8418 101
8419 102
8420 101
8421 101
8422 101
8423 101
8424 100
8425 101
8426 101
8427 182
8428 119
8429 102
8430 101
8431 102
8432 101
8433 102
8434 102
8435 100
8436 102
8437 102
8438 101
8439 102
8440 101
8441 102
8442 100
8443 100
8444 100
8445 99
8446 100
8447 100
8448 101
8449 98
8450 101
8451 99
8452 100
8453 100
8454 101
8455 100
8456 100
8457 100
8458 100
8459 100
8460 100
8461 101
8462 99
8463 99
8464 100
8465 101
8466 101
8467 100
8468 101
8469 101
8470 101
8471 102
8472 102
8473 101
8474 101
8475 101
8476 101
8477 174
8478 128
8479 101
8480 101
8481 101
8482 100
8483 99
8484 100
8485 101
8486 100
8487 100
8488 101
8489 101
8490 101
8491 101
8492 102
8493 101
8494 101
8495 101
8496 101
8497 100
8498 101
8499 100
8500 100
8501 100
8502 99
8503 101
8504 99
8505 100
8506 100
8507 100
8508 100
8509 101
8510 101
8511 100
8512 100
8513 99
8514 100
8515 99
8516 101
8517 100
8518 100
8519 100
8520 100
8521 100
8522 100
8523 101
8524 101
8525 100
8526 99
8527 169
8528 137
8529 102
8530 100
8531 101
8532 100
8533 101
8534 100
8535 100
8536 100
8537 101
8538 100
8539 100
8540 100
8541 100
8542 100
8543 101
8544 101
8545 101
8546 101
8547 102
8548 102
8549 102
8550 101
8551 102
8552 100
8553 102
8554 101
8555 100
8556 101
8557 100
8558 101
8559 101
8560 101
8561 101
8562 101
8563 100
8564 101
8565 101
8566 102
8567 101
8568 102
8569 102
8570 100
8571 102
8572 101
8573 101
8574 101
8575 101
8576 101
8577 154
8578 147
8579 102
8580 101
8581 101
8582 101
8583 101
8584 100
8585 102
8586 101
8587 101
8588 102
8589 101
8590 101
8591 102
8592 102
8593 102
8594 100
8595 100
8596 101
8597 101
8598 101
8599 100
8600 101
8601 101
8602 100
8603 101
8604 101
8605 100
8606 102
8607 100
8608 102
8609 100
8610 101
8611 101
8612 101
8613 100
8614 101
8615 101
8616 100
8617 100
8618 101
8619 100
8620 102
8621 101
8622 100
8623 102
8624 103
8625 102
8626 100
8627 134
8628 170
8629 100
8630 101
8631 102
8632 101
8633 101
8634 100
8635 101
8636 102
8637 101
8638 101
8639 101
8640 101
8641 100
8642 102
8643 101
8644 101
8645 101
8646 101
8647 99
8648 100
8649 101
8650 101
8651 99
8652 100
8653 99
8654 100
8655 99
8656 99
8657 100
8658 99
8659 100
8660 100
8661 99
8662 101
8663 100
8664 99
8665 101
8666 101
8667 101
8668 101
8669 101
8670 102
8671 101
8672 100
8673 101
8674 102
8675 100
8676 101
8677 111
8678 197
8679 95
8680 102
8681 101
8682 102
8683 101
8684 102
8685 100
8686 101
8687 99
8688 101
8689 101
8690 99
8691 101
8692 100
8693 101
8694 100
8695 101
8696 101
8697 101
8698 100
8699 100
8700 101
8701 101
8702 101
8703 101
8704 101
8705 99
8706 100
8707 100
8708 100
8709 99
8710 100
8711 99
8712 99
8713 99
8714 99
8715 100
8716 100
8717 100
8718 100
8719 101
8720 101
8721 101
8722 100
8723 101
8724 101
8725 101
8726 100
8727 101
8728 206
8729 94
8730 100
8731 100
8732 99
8733 100
8734 99
8735 100
8736 100
8737 100
8738 101
8739 100
8740 102
8741 100
8742 101
8743 101
8744 101
8745 101
8746 101
8747 101
8748 100
8749 100
8750 101
8751 101
8752 102
8753 101
8754 101
8755 100
8756 101
8757 102
8758 103
8759 101
8760 101
8761 101
8762 101
8763 102
8764 102
8765 101
8766 100
8767 100
8768 102
8769 100
8770 101
8771 100
8772 101
8773 101
8774 101
8775 101
8776 102
8777 101
8778 200
8779 103
8780 101
8781 101
8782 102
8783 101
8784 101
8785 100
8786 100
8787 101
8788 100
8789 100
8790 102
8791 100
8792 101
8793 101
8794 101
8795 101
8796 102
8797 102
8798 102
8799 101
8800 100
8801 102
8802 101
8803 101
8804 102
8805 100
8806 100
8807 101
8808 101
8809 101
8810 101
8811 100
8812 102
8813 101
8814 101
8815 101
8816 101
8817 101
8818 102
8819 101
8820 101
8821 101
8822 101
8823 101
8824 100
8825 101
8826 101
8827 102
8828 202
8829 127
8830 102
8831 102
8832 100
8833 102
8834 102
8835 102
8836 101
8837 101
8838 101
8839 100
8840 101
8841 101
8842 101
8843 100
8844 99
8845 102
8846 100
8847 100
8848 101
8849 101
8850 99
8851 100
8852 101
8853 101
8854 99
8855 101
8856 99
8857 101
8858 100
8859 101
8860 101
8861 99
8862 100
8863 100
8864 99
8865 100
8866 100
8867 100
8868 101
8869 100
8870 101
8871 100
8872 102
8873 102
8874 101
8875 101
8876 102
8877 102
8878 177
8879 125
8880 102
8881 100
8882 100
8883 101
8884 100
8885 100
8886 101
8887 100
8888 100
8889 100
8890 100
8891 101
8892 100
8893 102
8894 101
8895 101
8896 101
8897 101
8898 101
8899 101
8900 99
8901 100
8902 99
8903 100
8904 100
8905 100
8906 100
8907 100
8908 100
8909 100
8910 100
8911 101
8912 101
8913 100
8914 99
8915 100
8916 100
8917 100
8918 100
8919 100
8920 99
8921 100
8922 100
8923 99
8924 100
8925 100
8926 100
8927 100
8928 170
8929 131
8930 102
8931 100
8932 101
8933 100
8934 100
8935 101
8936 100
8937 100
8938 100
8939 100
8940 100
8941 101
8942 101
8943 99
8944 102
8945 101
8946 101
8947 101
8948 102
8949 101
8950 103
8951 101
8952 102
8953 101
8954 102
8955 101
8956 100
8957 101
8958 101
8959 100
8960 101
8961 102
8962 101
8963 101
8964 102
8965 101
8966 100
8967 101
8968 102
8969 102
8970 102
8971 101
8972 101
8973 102
8974 102
8975 101
8976 101
8977 100
8978 178
8979 165
8980 98
8981 102
8982 101
8983 101
8984 101
8985 101
8986 100
8987 102
8988 101
8989 101
8990 101
8991 101
8992 102
8993 102
8994 101
8995 101
8996 99
8997 101
8998 101
8999 100
9000 101
9001 101
9002 101
9003 101
9004 101
9005 101
9006 103
9007 100
9008 101
9009 101
9010 102
9011 101
9012 101
9013 99
9014 100
9015 100
9016 101
9017 100
9018 101
9019 101
9020 101
9021 101
9022 100
9023 101
9024 101
9025 102
9026 102
9027 102
9028 147
9029 166
9030 101
9031 101
9032 101
9033 101
9034 101
9035 100
9036 101
9037 100
9038 100
9039 100
9040 101
9041 101
9042 100
9043 101
9044 101
9045 102
9046 99
9047 101
9048 100
9049 100
9050 100
9051 100
9052 100
9053 100
9054 99
9055 100
9056 99
9057 100
9058 99
9059 100
9060 100
9061 99
9062 100
9063 101
9064 100
9065 100
9066 100
9067 100
9068 101
9069 101
9070 102
9071 101
9072 101
9073 100
9074 101
9075 100
9076 100
9077 100
9078 122
9079 184
9080 97
9081 101
9082 103
9083 102
9084 101
9085 101
9086 99
9087 102
9088 100
9089 102
9090 101
9091 100
9092 100
9093 101
9094 99
9095 102
9096 101
9097 101
9098 100
9099 101
9100 100
9101 102
9102 99
9103 101
9104 100
9105 100
9106 100
9107 100
9108 100
9109 100
9110 100
9111 99
9112 100
9113 98
9114 100
9115 98
9116 100
9117 99
9118 101
9119 100
9120 101
9121 100
9122 102
9123 101
9124 100
9125 101
9126 101
9127 101
9128 104
9129 203
9130 94
9131 100
9132 100
9133 100
9134 99
9135 100
9136 101
9137 100
9138 101
9139 100
9140 101
9141 101
9142 101
9143 100
9144 101
9145 101
9146 101
9147 102
9148 101
9149 101
9150 100
9151 101
9152 101
9153 100
9154 101
9155 101
9156 101
9157 102
9158 102
9159 102
9160 101
9161 101
9162 102
9163 102
9164 101
9165 102
9166 102
9167 100
9168 100
9169 100
9170 100
9171 102
9172 101
9173 101
9174 101
9175 100
9176 101
9177 102
9178 102
9179 205
9180 99
9181 101
9182 101
9183 100
9184 101
9185 102
9186 101
9187 101
9188 100
9189 101
9190 101
9191 101
9192 100
9193 101
9194 101
9195 100
9196 101
9197 101
9198 102
9199 102
9200 100
9201 102
9202 100
9203 102
9204 102
9205 100
9206 101
9207 101
9208 100
9209 101
9210 101
9211 101
9212 100
9213 100
9214 101
9215 101
9216 102
9217 101
9218 101
9219 101
9220 101
9221 101
9222 101
9223 101
9224 101
9225 100
9226 100
9227 101
9228 101
9229 194
9230 109
9231 101
9232 100
9233 101
9234 102
9235 101
9236 101
9237 101
9238 102
9239 101
9240 101
9241 100
9242 102
9243 102
9244 100
9245 100
9246 99
9247 100
9248 101
9249 99
9250 100
9251 100
9252 99
9253 100
9254 101
9255 100
9256 100
9257 101
9258 100
9259 101
9260 101
9261 100
9262 100
9263 98
9264 101
9265 99
9266 100
9267 100
9268 101
9269 101
9270 100
9271 101
9272 100
9273 102
9274 101
9275 101
9276 101
9277 102
9278 102
9279 183
9280 119
9281 101
9282 102
9283 99
9284 101
9285 100
9286 101
9287 100
9288 100
9289 101
9290 101
9291 100
9292 102
9293 100
9294 101
9295 100
9296 100
9297 101
9298 101
9299 101
9300 101
9301 99
9302 99
9303 99
9304 101
9305 99
9306 100
9307 100
9308 100
9309 99
9310 100
9311 100
9312 101
9313 100
9314 99
9315 99
9316 100
9317 100
9318 100
9319 101
9320 99
9321 100
9322 101
9323 99
9324 100
9325 101
9326 100
9327 100
9328 99
9329 173
9330 129
9331 101
9332 100
9333 101
9334 99
9335 100
9336 100
9337 100
9338 101
9339 100
9340 99
9341 100
9342 100
9343 100
9344 101
9345 100
9346 101
9347 100
9348 101
9349 102
9350 102
9351 101
9352 101
9353 102
9354 103
9355 100
9356 102
9357 102
9358 101
9359 100
9360 100
9361 101
9362 101
9363 102
9364 101
9365 102
9366 101
9367 101
9368 102
9369 102
9370 102
9371 102
9372 101
9373 101
9374 101
9375 102
9376 101
9377 101
9378 101
9379 166
9380 134
9381 103
9382 100
9383 101
9384 101
9385 100
9386 101
9387 102
9388 102
9389 102
9390 102
9391 100
9392 100
9393 102
9394 101
9395 102
9396 101
9397 101
9398 100
9399 101
9400 102
9401 100
9402 101
9403 101
9404 101
9405 100
9406 101
9407 101
9408 101
9409 101
9410 100
9411 101
9412 102
9413 101
9414 101
9415 102
9416 99
9417 101
9418 101
9419 100
9420 100
9421 101
9422 100
9423 101
9424 101
9425 101
9426 101
9427 102
9428 101
9429 154
9430 149
9431 101
9432 102
9433 101
9434 102
9435 101
9436 101
9437 101
9438 101
9439 101
9440 101
9441 101
9442 101
9443 99
9444 101
9445 101
9446 101
9447 100
9448 101
9449 100
9450 101
9451 100
9452 100
9453 100
9454 100
9455 99
9456 100
9457 100
9458 99
9459 100
9460 100
9461 100
9462 100
9463 100
9464 100
9465 101
9466 100
9467 101
9468 101
9469 100
9470 101
9471 100
9472 102
9473 100
9474 100
9475 101
9476 101
9477 101
9478 102
9479 133
9480 171
9481 99
9482 102
9483 101
9484 101
9485 101
9486 102
9487 100
9488 101
9489 101
9490 101
9491 101
9492 100
9493 100
9494 99
9495 101
9496 100
9497 100
9498 100
9499 101
9500 100
9501 100
9502 102
9503 100
9504 101
9505 100
9506 100
9507 99
9508 101
9509 101
9510 99
9511 101
9512 98
9513 99
9514 99
9515 99
9516 99
9517 100
9518 100
9519 99
9520 101
9521 100
9522 100
9523 101
9524 101
9525 101
9526 100
9527 100
9528 101
9529 111
9530 197
9531 94
9532 99
9533 100
9534 99
9535 100
9536 101
9537 100
9538 100
9539 100
9540 101
9541 101
9542 102
9543 101
9544 100
9545 101
9546 101
9547 101
9548 101
9549 101
9550 100
9551 101
9552 101
9553 100
9554 102
9555 101
9556 100
9557 102
9558 102
9559 101
9560 102
9561 102
9562 102
9563 101
9564 102
9565 102
9566 100
9567 102
9568 102
9569 101
9570 101
9571 100
9572 101
9573 101
9574 101
9575 100
9576 101
9577 101
9578 101
9579 102
9580 207
9581 96
9582 101
9583 101
9584 101
9585 102
9586 101
9587 101
9588 101
9589 99
9590 101
9591 101
9592 100
9593 101
9594 100
9595 102
9596 100
9597 101
9598 102
9599 101
9600 101
9601 102
9602 101
9603 101
9604 101
9605 101
9606 101
9607 100
9608 100
9609 100
9610 100
9611 101
9612 100
9613 101
9614 100
9615 101
9616 101
9617 101
9618 101
9619 101
9620 102
9621 101
9622 99
9623 101
9624 101
9625 101
9626 100
9627 100
9628 101
9629 101
9630 199
9631 104
9632 101
9633 101
9634 100
9635 102
9636 101
9637 102
9638 102
9639 102
9640 100
9641 102
9642 100
9643 101
9644 101
9645 100
9646 100
9647 100
9648 100
9649 100
9650 100
9651 100
9652 100
9653 100
9654 100
9655 100
9656 101
9657 99
9658 101
9659 100
9660 100
9661 100
9662 100
9663 101
9664 98
9665 100
9666 100
9667 100
9668 100
9669 100
9670 100
9671 101
9672 101
9673 101
9674 102
9675 101
9676 102
9677 100
9678 102
9679 101
9680 188
9681 115
9682 101
9683 102
9684 100
9685 100
9686 100
9687 101
9688 101
9689 100
9690 102
9691 100
9692 100
9693 101
9694 101
9695 100
9696 102
9697 100
9698 100
9699 101
9700 100
9701 101
9702 101
9703 99
9704 99
9705 101
9706 99
9707 100
9708 100
9709 99
9710 100
9711 99
9712 100
9713 100
9714 99
9715 100
9716 99
9717 100
9718 100
9719 100
9720 100
9721 100
9722 100
9723 100
9724 100
9725 99
9726 100
9727 100
9728 101
9729 100
9730 177
9731 124
9732 101
9733 100
9734 101
9735 100
9736 100
9737 101
9738 101
9739 100
9740 100
9741 100
9742 99
9743 101
9744 101
9745 100
9746 101
9747 101
9748 99
9749 101
9750 102
9751 101
9752 102
9753 102
9754 101
9755 101
9756 101
9757 102
9758 101
9759 101
9760 101
9761 101
9762 101
9763 101
9764 100
9765 102
9766 100
9767 101
9768 103
9769 101
9770 101
9771 102
9772 101
9773 102
9774 100
9775 101
9776 102
9777 101
9778 101
9779 100
9780 169
9781 131
9782 102
9783 100
9784 101
9785 101
9786 101
9787 101
9788 101
9789 101
9790 101
9791 102
9792 101
9793 101
9794 101
9795 101
9796 102
9797 101
9798 100
9799 100
9800 101
9801 100
9802 100
9803 100
9804 101
9805 100
9806 100
9807 101
9808 101
9809 102
9810 101
9811 101
9812 100
9813 102
9814 101
9815 102
9816 101
9817 99
9818 102
9819 99
9820 101
9821 102
9822 100
9823 101
9824 100
9825 100
9826 101
9827 101
9828 102
9829 101
9830 162
9831 141
9832 102
9833 102
9834 100
9835 102
9836 100
9837 101
9838 100
9839 102
9840 101
9841 101
9842 102
9843 100
9844 100
9845 101
9846 101
9847 101
9848 102
9849 101
9850 99
9851 101
9852 100
9853 100
9854 101
9855 99
9856 100
9857 100
9858 99
9859 100
9860 100
9861 100
9862 100
9863 101
9864 100
9865 100
9866 101
9867 102
9868 99
9869 101
9870 102
9871 100
9872 101
9873 102
9874 100
9875 100
9876 101
9877 100
9878 101
9879 102
9880 143
9881 158
9882 100
9883 101
9884 101
9885 102
9886 102
9887 101
9888 102
9889 101
9890 100
9891 100
9892 100
9893 100
9894 101
9895 100
9896 99
9897 100
9898 101
9899 101
9900 100
9901 101
9902 100
9903 100
9904 101
9905 101
9906 101
9907 99
9908 100
9909 100
9910 101
9911 100
9912 100
9913 99
9914 99
9915 100
9916 98
9917 100
9918 98
9919 100
9920 100
9921 100
9922 101
9923 100
9924 101
9925 101
9926 100
9927 100
9928 100
9929 100
9930 120
9931 185
9932 95
9933 99
9934 100
9935 100
9936 100
9937 100
9938 100
9939 100
9940 100
9941 101
9942 100
9943 102
9944 101
9945 101
9946 100
9947 102
9948 100
9949 101
9950 102
9951 100
9952 101
9953 100
9954 101
9955 100
9956 102
9957 101
9958 101
9959 101
9960 101
9961 102
9962 101
9963 102
9964 101
9965 102
9966 101
9967 100
9968 102
9969 102
9970 101
9971 100
9972 101
9973 101
9974 102
9975 100
9976 102
9977 101
9978 101
9979 101
9980 105
9981 205
9982 94
9983 102
9984 101
9985 101
9986 101
9987 102
9988 100
9989 100
9990 101
9991 100
9992 101
9993 101
9994 100
9995 101
9996 101
9997 101
9998 101
9999 102
10000 102
10001 100
10002 101
10003 101
10004 101
10005 101
10006 101
10007 101
10008 99
10009 102
10010 100
10011 101
10012 100
10013 101
10014 101
10015 102
10016 100
10017 101
10018 101
10019 102
10020 101
10021 101
10022 102
10023 100
10024 101
10025 101
10026 101
10027 101
10028 101
10029 101
10030 100
10031 205
10032 99
10033 101
10034 101
10035 101
10036 101
10037 101
10038 101
10039 102
10040 101
10041 179
10042 116
10043 100
10044 102
10045 101
10046 101
10047 99
10048 100
10049 101
10050 100
10051 100
10052 100
10053 100
10054 100
10055 100
10056 101
10057 101
10058 101
10059 99
10060 100
10061 101
10062 100
10063 100
10064 101
10065 100
10066 98
10067 100
10068 101
10069 100
10070 101
10071 100
10072 101
10073 102
10074 101
10075 100
10076 102
10077 101
10078 102
10079 101
10080 101
10081 192
10082 111
10083 100
10084 102
10085 101
10086 101
10087 100
10088 101
10089 100
10090 101
10091 100
10092 101
10093 100
10094 101
10095 101
10096 101
10097 100
10098 101
10099 101
10100 101
10101 100
10102 101
10103 100
10104 100
10105 99
10106 101
10107 99
10108 99
10109 100
10110 100
10111 100
10112 100
10113 100
10114 100
10115 100
10116 101
10117 98
10118 100
10119 99
10120 100
10121 101
10122 100
10123 100
10124 100
10125 98
10126 100
10127 100
10128 100
10129 100
10130 99
10131 181
10132 121
10133 101
10134 100
10135 101
10136 101
10137 100
10138 100
10139 99
10140 100
10141 101
10142 99
10143 100
10144 100
10145 100
10146 100
10147 101
10148 100
10149 101
10150 102
10151 101
10152 101
10153 101
10154 101
10155 101
10156 102
10157 101
10158 102
10159 101
10160 101
10161 101
10162 100
10163 101
10164 101
10165 100
10166 102
10167 100
10168 102
10169 101
10170 100
10171 102
10172 101
10173 102
10174 101
10175 101
10176 101
10177 102
10178 101
10179 100
10180 100
10181 173
10182 128
10183 101
10184 102
10185 101
10186 101
10187 101
10188 101
10189 101
10190 101
10191 102
10192 101
10193 101
10194 101
10195 102
10196 101
10197 102
10198 100
10199 101
10200 101
10201 100
10202 100
10203 101
10204 100
10205 101
10206 102
10207 100
10208 100
10209 101
10210 101
10211 101
10212 101
10213 101
10214 101
10215 101
10216 102
10217 102
10218 100
10219 100
10220 101
10221 100
10222 101
10223 100
10224 101
10225 101
10226 100
10227 102
10228 101
10229 102
10230 102
10231 166
10232 136
10233 102
10234 102
10235 101
10236 102
10237 101
10238 100
10239 101
10240 101
10241 100
10242 100
10243 101
10244 101
10245 101
10246 101
10247 101
10248 101
10249 101
10250 100
10251 100
10252 100
10253 101
10254 100
10255 99
10256 99
10257 100
10258 100
10259 99
10260 100
10261 99
10262 101
10263 100
10264 100
10265 99
10266 100
10267 101
10268 101
10269 100
10270 101
10271 101
10272 101
10273 101
10274 102
10275 100
10276 101
10277 100
10278 100
10279 101
10280 101
10281 154
10282 148
10283 101
10284 101
10285 102
10286 101
10287 102
10288 101
10289 100
10290 101
10291 101
10292 100
10293 102
10294 100
10295 100
10296 101
10297 100
10298 100
10299 100
10300 101
10301 100
10302 101
10303 100
10304 100
10305 102
10306 100
10307 101
10308 100
10309 101
10310 100
10311 100
10312 101
10313 100
10314 99
10315 99
10316 99
10317 99
10318 99
10319 100
10320 98
10321 101
10322 100
10323 100
10324 101
10325 101
10326 101
10327 101
10328 100
10329 101
10330 101
10331 133
10332 171
10333 98
10334 99
10335 100
10336 100
10337 100
10338 99
10339 100
10340 100
10341 101
10342 100
10343 101
10344 101
10345 101
10346 102
10347 101
10348 101
10349 100
10350 101
10351 101
10352 101
10353 101
10354 99
10355 102
10356 100
10357 102
10358 101
10359 102
10360 100
10361 101
10362 102
10363 102
10364 101
10365 102
10366 101
10367 101
10368 101
10369 101
10370 101
10371 101
10372 100
10373 101
10374 101
10375 101
10376 101
10377 101
10378 101
10379 101
10380 101
10381 111
10382 200
10383 94
10384 101
10385 102
10386 100
10387 100
10388 101
10389 101
10390 100
10391 100
10392 101
10393 101
10394 101
10395 101
10396 100
10397 100
10398 102
10399 100
10400 102
10401 101
10402 101
10403 101
10404 102
10405 101
10406 101
10407 100
10408 101
10409 101
10410 100
10411 100
10412 101
10413 101
10414 101
10415 99
10416 101
10417 100
10418 101
10419 101
10420 102
10421 101
10422 101
10423 102
10424 101
10425 100
10426 102
10427 101
10428 101
10429 101
10430 100
10431 101
10432 207
10433 96
10434 101
10435 101
10436 100
10437 102
10438 101
10439 102
10440 101
10441 101
10442 101
10443 101
10444 101
10445 101
10446 100
10447 100
10448 101
10449 100
10450 100
10451 101
10452 100
10453 100
10454 100
10455 101
10456 99
10457 101
10458 100
10459 100
10460 101
10461 100
10462 100
10463 101
10464 100
10465 100
10466 100
10467 100
10468 99
10469 99
10470 100
10471 101
10472 100
10473 102
10474 100
10475 101
10476 101
10477 103
10478 101
10479 102
10480 102
10481 101
10482 200
10483 104
10484 100
10485 101
10486 101
10487 101
10488 101
10489 101
10490 99
10491 100
10492 101
10493 100
10494 101
10495 101
10496 101
10497 101
10498 101
10499 101
10500 102
10501 100
10502 100
10503 102
10504 101
10505 100
10506 99
10507 100
10508 100
10509 100
10510 100
10511 99
10512 100
10513 100
10514 100
10515 101
10516 101
10517 98
10518 100
10519 101
10520 99
10521 100
10522 101
10523 100
10524 100
10525 100
10526 100
10527 100
10528 100
10529 100
10530 100
10531 100
10532 186
10533 115
10534 101
10535 100
10536 100
10537 101
10538 100
10539 101
10540 101
10541 100
10542 101
10543 100
10544 100
10545 100
10546 100
10547 100
10548 100
10549 101
10550 101
10551 102
10552 101
10553 102
10554 101
10555 101
10556 101
10557 101
10558 101
10559 102
10560 102
10561 101
10562 102
10563 100
10564 102
10565 100
10566 101
10567 100
10568 100
10569 101
10570 101
10571 102
10572 101
10573 102
10574 102
10575 101
10576 101
10577 101
10578 101
10579 101
10580 101
10581 101
10582 177
10583 125
10584 101
10585 101
10586 100
10587 101
10588 101
10589 100
10590 102
10591 101
10592 100
10593 101
10594 101
10595 101
10596 101
10597 100
10598 101
10599 101
10600 101
10601 100
10602 101
10603 101
10604 101
10605 101
10606 101
10607 100
10608 101
10609 100
10610 101
10611 101
10612 102
10613 101
10614 100
10615 102
10616 100
10617 100
10618 101
10619 102
10620 100
10621 101
10622 100
10623 100
10624 101
10625 101
10626 101
10627 101
10628 101
10629 101
10630 101
10631 101
10632 170
10633 133
10634 102
10635 102
10636 101
10637 102
10638 100
10639 102
10640 100
10641 101
10642 101
10643 102
10644 100
10645 100
10646 100
10647 101
10648 101
10649 101
10650 101
10651 101
10652 100
10653 101
10654 99
10655 101
10656 100
10657 101
10658 99
10659 99
10660 99
10661 100
10662 100
10663 99
10664 101
10665 99
10666 100
10667 101
10668 100
10669 101
10670 100
10671 101
10672 101
10673 100
10674 102
10675 101
10676 101
10677 100
10678 100
10679 100
10680 101
10681 101
10682 160
10683 141
10684 102
10685 101
10686 101
10687 101
10688 102
10689 100
10690 101
10691 101
10692 100
10693 101
10694 100
10695 101
10696 100
10697 100
10698 100
10699 101
10700 100
10701 100
10702 101
10703 99
10704 102
10705 100
10706 101
10707 100
10708 101
10709 100
10710 100
10711 100
10712 101
10713 100
10714 99
10715 99
10716 99
10717 99
10718 99
10719 99
10720 99
10721 99
10722 100
10723 100
10724 100
10725 101
10726 101
10727 101
10728 101
10729 101
10730 99
10731 101
10732 143
10733 159
10734 100
10735 99
10736 100
10737 99
10738 101
10739 101
10740 99
10741 100
10742 100
10743 101
10744 101
10745 101
10746 102
10747 100
10748 101
10749 100
10750 101
10751 100
10752 102
10753 101
10754 101
10755 101
10756 100
10757 101
10758 100
10759 100
10760 101
10761 102
10762 101
10763 101
10764 103
10765 102
10766 101
10767 102
10768 101
10769 101
10770 102
10771 101
10772 101
10773 100
10774 101
10775 101
10776 101
10777 100
10778 100
10779 101
10780 101
10781 101
10782 122
10783 187
10784 97
10785 101
10786 101
10787 101
10788 102
10789 102
10790 102
10791 100
10792 100
10793 100
10794 102
10795 101
10796 101
10797 101
10798 101
10799 101
10800 101
10801 101
10802 102
10803 101
10804 101
10805 101
10806 100
10807 101
10808 100
10809 100
10810 102
10811 100
10812 99
10813 100
10814 100
10815 101
10816 101
10817 100
10818 101
10819 100
10820 101
10821 102
10822 101
10823 102
10824 102
10825 101
10826 101
10827 102
10828 101
10829 100
10830 100
10831 101
10832 104
10833 205
10834 94
10835 101
10836 100
10837 101
10838 100
10839 102
10840 101
10841 101
10842 102
10843 101
10844 101
10845 100
10846 101
10847 102
10848 100
10849 100
10850 99
10851 100
10852 100
10853 100
10854 100
10855 100
10856 99
10857 100
10858 100
10859 101
10860 101
10861 101
10862 100
10863 100
10864 100
10865 100
10866 101
10867 99
10868 100
10869 99
10870 100
10871 100
10872 100
10873 101
10874 101
10875 100
10876 101
10877 101
10878 101
10879 101
10880 102
10881 101
10882 102
10883 204
10884 99
10885 101
10886 101
10887 99
10888 101
10889 100
10890 101
10891 99
10892 101
10893 101
10894 100
10895 100
10896 100
10897 101
10898 102
10899 101
10900 101
10901 100
10902 100
10903 101
10904 101
10905 101
10906 100
10907 99
10908 99
10909 100
10910 100
10911 99
10912 100
10913 101
10914 100
10915 100
10916 99
10917 101
10918 99
10919 100
10920 100
10921 99
10922 99
10923 101
10924 100
10925 99
10926 99
10927 100
10928 101
10929 100
10930 101
10931 100
10932 99
10933 194
10934 111
10935 100
10936 100
10937 100
10938 100
10939 99
10940 100
10941 101
10942 101
10943 101
10944 100
10945 100
10946 100
10947 101
10948 101
10949 100
10950 101
10951 100
10952 101
10953 100
10954 102
10955 101
10956 102
10957 101
10958 102
10959 101
10960 102
10961 102
10962 101
10963 102
10964 101
10965 101
10966 100
10967 102
10968 100
10969 101
10970 102
10971 101
10972 101
10973 102
10974 102
10975 101
10976 100
10977 101
10978 101
10979 101
10980 102
10981 100
10982 101
10983 206
10984 133
10985 102
10986 101
10987 100
10988 101
10989 101
10990 100
10991 101
10992 102
10993 101
10994 102
10995 101
10996 101
10997 101
10998 102
10999 100
11000 101
11001 102
11002 99
11003 101
11004 100
11005 100
11006 101
11007 101
11008 100
11009 101
11010 100
11011 101
11012 103
11013 100
11014 101
11015 101
11016 101
11017 101
11018 100
11019 101
11020 100
11021 100
11022 101
11023 100
11024 101
11025 101
11026 102
11027 101
11028 100
11029 102
11030 100
11031 103
11032 101
11033 174
11034 129
11035 103
11036 101
11037 102
11038 102
11039 102
11040 100
11041 101
11042 101
11043 101
11044 101
11045 101
11046 101
11047 99
11048 101
11049 101
11050 101
11051 100
11052 101
11053 126
11054 168
11055 97
11056 101
11057 100
11058 100
11059 99
11060 100
11061 100
11062 100
11063 100
11064 99
11065 100
11066 100
11067 100
11068 99
11069 101
11070 101
11071 100
11072 100
11073 101
11074 101
11075 101
11076 102
11077 100
11078 101
11079 102
11080 101
11081 101
11082 101
11083 166
11084 135
11085 102
11086 100
11087 101
11088 102
11089 102
11090 100
11091 101
11092 101
11093 100
11094 101
11095 101
11096 101
11097 100
11098 99
11099 100
11100 101
11101 100
11102 99
11103 100
11104 101
11105 100
11106 101
11107 100
11108 100
11109 102
11110 100
11111 101
11112 100
11113 100
11114 100
11115 100
11116 99
11117 99
11118 98
11119 99
11120 99
11121 101
11122 99
11123 100
11124 100
11125 99
11126 100
11127 101
11128 100
11129 101
11130 100
11131 99
11132 101
11133 152
11134 149
11135 101
11136 100
11137 100
11138 100
11139 99
11140 101
11141 100
11142 100
11143 100
11144 101
11145 100
11146 101
11147 101
11148 101
11149 101
11150 101
11151 101
11152 101
11153 101
11154 101
11155 101
11156 100
11157 102
11158 100
11159 101
11160 101
11161 101
11162 102
11163 101
11164 102
11165 100
11166 103
11167 101
11168 101
11169 101
11170 102
11171 102
11172 100
11173 102
11174 101
11175 101
11176 100
11177 101
11178 100
11179 101
11180 101
11181 101
11182 101
11183 132
11184 173
11185 99
11186 101
11187 102
11188 101
11189 102
11190 101
11191 101
11192 101
11193 100
11194 100
11195 100
11196 101
11197 100
11198 100
11199 101
11200 101
11201 100
11202 101
11203 101
11204 102
11205 101
11206 101
11207 101
11208 101
11209 101
11210 102
11211 101
11212 100
11213 100
11214 101
11215 101
11216 101
11217 100
11218 101
11219 101
11220 100
11221 101
11222 102
11223 101
11224 101
11225 101
11226 101
11227 101
11228 102
11229 102
11230 101
11231 100
11232 101
11233 109
11234 198
11235 94
11236 102
11237 100
11238 101
11239 102
11240 101
11241 102
11242 102
11243 101
11244 102
11245 100
11246 101
11247 101
11248 101
11249 100
11250 101
11251 99
11252 100
11253 101
11254 99
11255 100
11256 100
11257 99
11258 100
11259 100
11260 99
11261 102
11262 100
11263 100
11264 101
11265 100
11266 100
11267 100
11268 100
11269 100
11270 99
11271 99
11272 101
11273 101
11274 100
11275 100
11276 101
11277 101
11278 101
11279 102
11280 101
11281 101
11282 100
11283 103
11284 206
11285 96
11286 101
11287 101
11288 101
11289 100
11290 100
11291 101
11292 101
11293 100
11294 101
11295 101
11296 99
11297 100
11298 102
11299 101
11300 101
11301 101
11302 100
11303 101
11304 101
11305 100
11306 100
11307 100
11308 100
11309 100
11310 100
11311 100
11312 100
11313 100
11314 100
11315 99
11316 100
11317 100
11318 101
11319 100
11320 99
11321 100
11322 100
11323 100
11324 100
11325 100
11326 101
11327 99
11328 100
11329 100
11330 99
11331 101
11332 99
11333 100
11334 198
11335 104
11336 100
11337 101
11338 100
11339 101
11340 100
11341 100
11342 100
11343 101
11344 100
11345 100
11346 100
11347 100
11348 101
11349 100
11350 100
11351 101
11352 100
11353 102
11354 101
11355 102
11356 101
11357 102
11358 102
11359 101
11360 101
11361 101
11362 101
11363 102
11364 101
11365 100
11366 100
11367 101
11368 101
11369 100
11370 102
11371 101
11372 101
11373 100
11374 102
11375 102
11376 101
11377 101
11378 101
11379 102
11380 101
11381 101
11382 101
11383 102
11384 187
11385 116
11386 101
11387 100
11388 101
11389 101
11390 102
11391 100
11392 101
11393 101
11394 102
11395 100
11396 101
11397 101
11398 102
11399 101
11400 101
11401 102
11402 101
11403 101
11404 101
11405 101
11406 100
11407 101
11408 100
11409 101
11410 100
11411 101
11412 101
11413 101
11414 101
11415 102
11416 101
11417 101
11418 101
11419 101
11420 101
11421 100
11422 101
11423 101
11424 99
11425 100
11426 99
11427 101
11428 101
11429 101
11430 101
11431 101
11432 102
11433 102
11434 178
11435 125
11436 102
11437 101
11438 102
11439 101
11440 101
11441 100
11442 101
11443 101
11444 102
11445 100
11446 101
11447 101
11448 100
11449 102
11450 100
11451 100
11452 101
11453 100
11454 101
11455 99
11456 101
11457 100
11458 101
11459 100
11460 100
11461 99
11462 101
11463 99
11464 100
11465 100
11466 99
11467 100
11468 100
11469 100
11470 100
11471 101
11472 101
11473 101
11474 101
11475 101
11476 101
11477 102
11478 102
11479 101
11480 100
11481 101
11482 100
11483 100
11484 169
11485 132
11486 101
11487 101
11488 101
11489 100
11490 101
11491 101
11492 101
11493 101
11494 100
11495 100
11496 101
11497 101
11498 101
11499 100
11500 100
11501 99
11502 100
11503 101
11504 102
11505 100
11506 100
11507 100
11508 102
11509 100
11510 100
11511 100
11512 100
11513 100
11514 100
11515 100
11516 99
11517 100
11518 98
11519 99
11520 99
11521 99
11522 99
11523 99
11524 100
11525 100
11526 100
11527 101
11528 102
11529 100
11530 101
11531 99
11532 101
11533 100
11534 158
11535 140
11536 102
11537 100
11538 100
11539 100
11540 100
11541 101
11542 101
11543 99
11544 101
11545 99
11546 100
11547 102
11548 101
11549 101
11550 100
11551 101
11552 101
11553 102
11554 100
11555 101
11556 100
11557 100
11558 101
11559 101
11560 100
11561 100
11562 101
11563 101
11564 101
11565 101
11566 101
11567 102
11568 101
11569 102
11570 101
11571 101
11572 100
11573 102
11574 102
11575 100
11576 101
11577 100
11578 100
11579 101
11580 102
11581 101
11582 102
11583 100
11584 143
11585 160
11586 101
11587 103
11588 101
11589 101
11590 101
11591 101
11592 101
11593 101
11594 100
11595 100
11596 101
11597 101
11598 100
11599 101
11600 101
11601 100
11602 101
11603 101
11604 102
11605 101
11606 101
11607 100
11608 101
11609 102
11610 100
11611 100
11612 102
11613 100
11614 100
11615 100
11616 101
11617 101
11618 100
11619 100
11620 101
11621 100
11622 100
11623 101
11624 101
11625 102
11626 100
11627 102
11628 101
11629 101
11630 101
11631 101
11632 101
11633 100
11634 119
11635 192
11636 96
11637 101
11638 102
11639 101
11640 102
11641 101
11642 101
11643 102
11644 103
11645 101
11646 101
11647 101
11648 100
11649 102
11650 101
11651 100
11652 100
11653 100
11654 99
11655 100
11656 100
11657 99
11658 100
11659 100
11660 100
11661 101
11662 100
11663 101
11664 99
11665 101
11666 100
11667 99
11668 100
11669 100
11670 100
11671 99
11672 101
11673 100
11674 100
11675 101
11676 101
11677 101
11678 100
11679 102
11680 101
11681 102
11682 101
11683 102
11684 104
11685 206
11686 94
11687 101
11688 101
11689 101
11690 100
11691 100
11692 100
11693 101
11694 100
11695 100
11696 100
11697 101
11698 99
11699 101
11700 101
11701 102
11702 100
11703 100
11704 101
11705 101
11706 101
11707 100
11708 100
11709 101
11710 99
11711 100
11712 99
11713 100
11714 99
11715 99
11716 100
11717 99
11718 101
11719 100
11720 100
11721 100
11722 100
11723 99
11724 100
11725 101
11726 100
11727 100
11728 100
11729 100
11730 100
11731 100
11732 100
11733 100
11734 100
11735 202
11736 98
11737 100
11738 101
11739 101
11740 100
11741 100
11742 100
11743 101
11744 99
11745 101
11746 100
11747 100
11748 100
11749 100
11750 100
11751 101
11752 100
11753 101
11754 100
11755 102
11756 101
11757 101
11758 103
11759 101
11760 101
11761 102
11762 101
11763 101
11764 102
11765 101
11766 100
11767 100
11768 102
11769 101
11770 102
11771 100
11772 101
11773 101
11774 102
11775 101
11776 102
11777 102
11778 101
11779 101
11780 102
11781 101
11782 101
11783 102
11784 100
11785 191
11786 110
11787 100
11788 100
11789 101
11790 101
11791 100
11792 102
11793 101
11794 100
11795 101
11796 102
11797 101
11798 101
11799 102
11800 100
11801 102
11802 100
11803 103
11804 100
11805 101
11806 100
11807 100
11808 101
11809 101
11810 101
11811 101
11812 101
11813 101
11814 102
11815 100
11816 101
11817 101
11818 102
11819 101
11820 101
11821 101
11822 100
11823 100
11824 101
11825 100
11826 101
11827 101
11828 101
11829 101
11830 102
11831 101
11832 101
11833 101
11834 101
11835 181
11836 122
11837 102
11838 101
11839 101
11840 102
11841 101
11842 101
11843 100
11844 101
11845 102
11846 101
11847 101
11848 101
11849 100
11850 101
11851 101
11852 101
11853 100
11854 101
11855 100
11856 100
11857 100
11858 101
11859 100
11860 100
11861 101
11862 99
11863 99
11864 99
11865 100
11866 100
11867 99
11868 99
11869 100
11870 101
11871 100
11872 101
11873 101
11874 101
11875 101
11876 101
11877 101
11878 102
11879 101
11880 101
11881 101
11882 100
11883 101
11884 102
11885 173
11886 128
11887 102
11888 100
11889 100
11890 100
11891 101
11892 102
11893 101
11894 101
11895 100
11896 101
11897 101
11898 102
11899 100
11900 101
11901 100
11902 100
11903 100
11904 99
11905 100
11906 101
11907 100
11908 100
11909 100
11910 101
11911 99
11912 101
11913 100
11914 100
11915 100
11916 101
11917 100
11918 100
11919 100
11920 99
11921 99
11922 100
11923 99
11924 99
11925 100
11926 99
11927 100
11928 101
11929 101
11930 101
11931 100
11932 101
11933 100
11934 100
11935 166
11936 135
11937 103
11938 98
11939 99
11940 100
11941 99
11942 101
11943 99
11944 101
11945 100
11946 99
11947 100
11948 102
11949 101
11950 101
11951 101
11952 100
11953 101
11954 102
11955 101
11956 102
11957 102
11958 100
11959 101
11960 101
11961 101
11962 102
11963 100
11964 102
11965 101
11966 101
11967 102
11968 101
11969 102
11970 101
11971 101
11972 101
11973 101
11974 101
11975 101
11976 100
11977 101
11978 100
11979 100
11980 102
11981 101
11982 101
11983 102
11984 101
11985 152
11986 150
11987 102
11988 101
11989 101
11990 102
11991 100
11992 101
11993 102
11994 101
11995 100
11996 101
11997 101
11998 101
11999 101
12000 101
12001 100
12002 100
12003 100
12004 101
12005 102
12006 102
12007 102
12008 102
12009 100
12010 102
12011 100
12012 102
12013 100
12014 100
12015 100
12016 101
12017 100
12018 100
12019 101
12020 100
12021 101
12022 101
12023 101
12024 101
12025 102
12026 101
12027 103
12028 101
12029 101
12030 101
12031 101
12032 102
12033 101
12034 100
12035 131
12036 173
12037 98
12038 102
12039 101
12040 101
12041 100
12042 101
12043 103
12044 102
12045 101
12046 101
12047 102
12048 100
12049 100
12050 102
12051 100
12052 101
12053 99
12054 101
12055 99
12056 99
12057 101
12058 100
12059 100
12060 99
12061 101
12062 100
12063 100
12064 100
12065 100
12066 176
12067 116
12068 101
12069 99
12070 101
12071 100
12072 99
12073 100
12074 100
12075 100
12076 101
12077 100
12078 101
12079 100
12080 101
12081 101
12082 101
12083 102
12084 102
12085 110
12086 198
12087 95
12088 101
12089 101
12090 101
12091 100
12092 100
12093 99
12094 100
12095 101
12096 100
12097 100
12098 100
12099 101
12100 100
12101 101
12102 100
12103 101
12104 101
12105 100
12106 101
12107 101
12108 101
12109 100
12110 100
12111 99
12112 101
12113 99
12114 100
12115 98
12116 100
12117 99
12118 100
12119 99
12120 101
12121 99
12122 100
12123 100
12124 99
12125 101
12126 100
12127 101
12128 100
12129 100
12130 99
12131 101
12132 100
12133 100
12134 100
12135 100
12136 206
12137 94
12138 101
12139 100
12140 101
12141 100
12142 100
12143 101
12144 100
12145 100
12146 102
12147 101
12148 99
12149 100
12150 100
12151 101
12152 101
12153 101
12154 101
12155 100
12156 101
12157 102
12158 101
12159 101
12160 101
12161 102
12162 101
12163 100
12164 102
12165 101
12166 101
12167 101
12168 100
12169 101
12170 101
12171 100
12172 102
12173 101
12174 101
12175 101
12176 100
12177 101
12178 102
12179 102
12180 101
12181 101
12182 101
12183 102
12184 101
12185 102
12186 198
12187 104
12188 101
12189 100
12190 101
12191 101
12192 101
12193 101
12194 101
12195 101
12196 101
12197 102
12198 101
12199 101
12200 100
12201 102
12202 101
12203 100
12204 101
12205 101
12206 100
12207 101
12208 101
12209 101
12210 101
12211 102
12212 100
12213 101
12214 101
12215 102
12216 102
12217 101
12218 101
12219 101
12220 101
12221 101
12222 101
12223 100
12224 102
12225 100
12226 101
12227 100
12228 100
12229 100
12230 101
12231 101
12232 101
12233 101
12234 102
12235 101
12236 186
12237 117
12238 101
12239 102
12240 101
12241 102
12242 101
12243 102
12244 100
12245 100
12246 101
12247 102
12248 100
12249 101
12250 102
12251 100
12252 99
12253 102
12254 101
12255 100
12256 101
12257 101
12258 100
12259 100
12260 100
12261 100
12262 100
12263 100
12264 100
12265 100
12266 101
12267 99
12268 100
12269 100
12270 99
12271 100
12272 100
12273 101
12274 100
12275 101
12276 100
12277 101
12278 101
12279 101
12280 100
12281 102
12282 100
12283 101
12284 100
12285 101
12286 177
12287 125
12288 101
12289 101
12290 100
12291 101
12292 101
12293 102
12294 101
12295 100
12296 101
12297 101
12298 100
12299 100
12300 101
12301 99
12302 100
12303 100
12304 101
12305 100
12306 100
12307 100
12308 99
12309 100
12310 101
12311 100
12312 101
12313 100
12314 101
12315 100
12316 99
12317 100
12318 101
12319 100
12320 99
12321 100
12322 98
12323 99
12324 99
12325 99
12326 100
12327 100
12328 100
12329 100
12330 101
12331 99
12332 101
12333 100
12334 101
12335 99
12336 168
12337 132
12338 100
12339 99
12340 100
12341 99
12342 101
12343 100
12344 99
12345 101
12346 100
12347 101
12348 99
12349 101
12350 102
12351 101
12352 100
12353 101
12354 101
12355 100
12356 101
12357 101
12358 101
12359 101
12360 101
12361 100
12362 102
12363 100
12364 101
12365 102
12366 100
12367 102
12368 101
12369 101
12370 102
12371 101
12372 102
12373 101
12374 102
12375 101
12376 102
12377 100
12378 100
12379 101
12380 101
12381 102
12382 101
12383 100
12384 101
12385 100
12386 160
12387 142
12388 103
12389 103
12390 102
12391 100
12392 102
12393 100
12394 102
12395 101
12396 100
12397 100
12398 100
12399 101
12400 100
12401 101
12402 101
12403 101
12404 100
12405 100
12406 101
12407 102
12408 101
12409 102
12410 101
12411 101
12412 100
12413 102
12414 100
12415 100
12416 101
12417 100
12418 100
12419 100
12420 100
12421 100
12422 101
12423 99
12424 101
12425 100
12426 102
12427 101
12428 101
12429 101
12430 101
12431 101
12432 101
12433 101
12434 101
12435 100
12436 141
12437 161
12438 101
12439 100
12440 101
12441 101
12442 101
12443 101
12444 102
12445 101
12446 102
12447 101
12448 102
12449 100
12450 102
12451 100
12452 100
12453 101
12454 100
12455 100
12456 99
12457 100
12458 100
12459 100
12460 101
12461 99
12462 101
12463 101
12464 99
12465 101
12466 100
12467 100
12468 100
12469 101
12470 99
12471 100
12472 100
12473 100
12474 99
12475 100
12476 101
12477 99
12478 101
12479 100
12480 100
12481 101
12482 102
12483 101
12484 102
12485 102
12486 118
12487 188
12488 97
12489 100
12490 101
12491 101
12492 101
12493 100
12494 101
12495 100
12496 101
12497 100
12498 101
12499 100
12500 100
12501 100
12502 101
12503 101
12504 101
12505 101
12506 101
12507 99
12508 101
12509 100
12510 101
12511 99
12512 101
12513 100
12514 100
12515 100
12516 100
12517 100
12518 99
12519 100
12520 100
12521 100
12522 101
12523 99
12524 99
12525 99
12526 100
12527 101
12528 100
12529 100
12530 101
12531 99
12532 99
12533 100
12534 100
12535 100
12536 102
12537 204
12538 94
12539 100
12540 101
12541 100
12542 100
12543 101
12544 101
12545 100
12546 101
12547 101
12548 100
12549 100
12550 100
12551 99
12552 101
12553 100
12554 101
12555 101
12556 101
12557 101
12558 101
12559 102
12560 101
12561 102
12562 101
12563 101
12564 101
12565 101
12566 102
12567 101
12568 102
12569 100
12570 100
12571 101
12572 101
12573 100
12574 100
12575 101
12576 102
12577 101
12578 101
12579 102
12580 101
12581 102
12582 101
12583 101
12584 102
12585 101
12586 100
12587 204
12588 99
12589 100
12590 101
12591 100
12592 101
12593 101
12594 100
12595 101
12596 102
12597 101
12598 102
12599 101
12600 101
12601 101
12602 100
12603 101
12604 102
12605 100
12606 100
12607 100
12608 101
12609 100
12610 101
12611 102
12612 100
12613 101
12614 100
12615 101
12616 102
12617 102
12618 99
12619 102
12620 102
12621 101
12622 100
12623 101
12624 101
12625 101
12626 101
12627 101
12628 100
12629 100
12630 102
12631 100
12632 101
12633 102
12634 100
12635 101
12636 101
12637 193
12638 111
12639 102
12640 102
12641 101
12642 102
12643 102
12644 100
12645 100
12646 100
12647 100
12648 101
12649 101
12650 101
12651 100
12652 101
12653 101
12654 100
12655 102
12656 100
12657 100
12658 101
12659 99
12660 101
12661 100
12662 100
12663 100
12664 99
12665 99
12666 99
12667 100
12668 100
12669 100
12670 100
12671 100
12672 101
12673 100
12674 100
12675 100
12676 101
12677 101
12678 101
12679 101
12680 101
12681 101
12682 102
12683 100
12684 101
12685 101
12686 101
12687 181
12688 122
12689 101
12690 100
12691 101
12692 101
12693 101
12694 101
12695 101
12696 101
12697 100
12698 102
12699 99
12700 101
12701 101
12702 100
12703 100
12704 101
12705 100
12706 100
12707 100
12708 101
12709 100
12710 100
12711 99
12712 101
12713 101
12714 100
12715 100
12716 100
12717 101
12718 99
12719 100
12720 101
12721 99
12722 99
12723 100
12724 100
12725 98
12726 100
12727 100
12728 100
12729 100
12730 100
12731 101
12732 102
12733 100
12734 100
12735 99
12736 101
12737 172
12738 129
12739 101
12740 100
12741 100
12742 99
12743 100
12744 100
12745 101
12746 99
12747 100
12748 100
12749 100
12750 101
12751 101
12752 100
12753 101
12754 102
12755 101
12756 101
12757 102
12758 100
12759 100
12760 100
12761 101
12762 100
12763 101
12764 100
12765 101
12766 100
12767 102
12768 101
12769 102
12770 101
12771 101
12772 101
12773 101
12774 101
12775 101
12776 101
12777 101
12778 100
12779 101
12780 100
12781 102
12782 101
12783 101
12784 100
12785 101
12786 100
12787 165
12788 136
12789 103
12790 101
12791 102
12792 101
12793 101
12794 101
12795 101
12796 102
12797 102
12798 99
12799 101
12800 100
12801 100
12802 101
12803 101
12804 101
12805 101
12806 100
12807 102
12808 102
12809 101
12810 101
12811 101
12812 100
12813 101
12814 101
12815 101
12816 101
12817 100
12818 101
12819 100
12820 101
12821 101
12822 100
12823 100
12824 101
12825 100
12826 101
12827 102
12828 101
12829 101
12830 102
12831 101
12832 101
12833 102
12834 100
12835 101
12836 101
12837 151
12838 150
12839 101
12840 102
12841 101
12842 100
12843 102
12844 101
12845 101
12846 100
12847 102
12848 102
12849 100
12850 102
12851 101
12852 101
12853 100
12854 102
12855 100
12856 100
12857 99
12858 100
12859 101
12860 100
12861 99
12862 100
12863 100
12864 99
12865 100
12866 101
12867 100
12868 100
12869 99
12870 100
12871 100
12872 100
12873 100
12874 99
12875 100
12876 100
12877 100
12878 100
12879 101
12880 100
12881 102
12882 101
12883 101
12884 102
12885 101
12886 101
12887 129
12888 176
12889 98
12890 101
12891 102
12892 101
12893 100
12894 99
12895 100
12896 101
12897 101
12898 101
12899 101
12900 100
12901 100
12902 100
12903 102
12904 100
12905 101
12906 101
12907 100
12908 99
12909 102
12910 100
12911 101
12912 101
12913 99
12914 100
12915 100
12916 100
12917 99
12918 100
12919 99
12920 100
12921 99
12922 100
12923 100
12924 98
12925 101
12926 100
12927 99
12928 101
12929 100
12930 101
12931 100
12932 100
12933 101
12934 100
12935 100
12936 100
12937 108
12938 198
12939 94
12940 100
12941 100
12942 101
12943 101
12944 100
12945 101
12946 100
12947 101
12948 101
12949 101
12950 100
12951 101
12952 100
12953 101
12954 100
12955 101
12956 100
12957 100
12958 102
12959 101
12960 102
12961 100
12962 102
12963 102
12964 101
12965 101
12966 101
12967 101
12968 102
12969 101
12970 98
12971 101
12972 101
12973 101
12974 102
12975 100
12976 101
12977 101
12978 101
12979 100
12980 102
12981 101
12982 101
12983 102
12984 101
12985 101
12986 100
12987 101
12988 228
12989 113
12990 100
12991 100
12992 101
12993 164
12994 174
12995 102
12996 101
12997 100
12998 102
12999 101
13000 101
13001 102
13002 100
13003 100
13004 101
13005 101
13006 102
13007 101
13008 100
13009 101
13010 100
13011 100
13012 101
13013 101
13014 100
13015 100
13016 101
13017 100
13018 101
13019 102
13020 101
13021 100
13022 100
13023 101
13024 101
13025 101
13026 102
13027 101
13028 100
13029 100
13030 101
13031 101
13032 100
13033 101
13034 100
13035 101
13036 101
13037 102
13038 130
13039 103
13040 101
13041 101
13042 102
13043 101
13044 101
13045 102
13046 100
13047 100
13048 101
13049 100
13050 101
13051 101
13052 100
13053 102
13054 100
13055 100
13056 102
13057 100
13058 100
13059 101
13060 98
13061 101
13062 100
13063 100
13064 99
13065 99
13066 99
13067 98
13068 99
13069 101
13070 99
13071 100
13072 100
13073 100
13074 100
13075 100
13076 101
13077 101
13078 119
13079 101
13080 101
13081 101
13082 102
13083 101
13084 101
13085 100
13086 100
13087 101
13088 121
13089 101
13090 101
13091 100
13092 101
13093 100
13094 102
13095 100
13096 101
13097 101
13098 100
13099 101
13100 101
13101 101
13102 100
13103 101
13104 100
13105 100
13106 100
13107 100
13108 101
13109 101
13110 100
13111 100
13112 100
13113 99
13114 101
13115 101
13116 101
13117 99
13118 101
13119 99
13120 99
13121 100
13122 99
13123 98
13124 100
13125 100
13126 99
13127 100
13128 100
13129 101
13130 101
13131 100
13132 100
13133 100
13134 100
13135 102
13136 99
13137 100
13138 168
13139 122
13140 101
13141 99
13142 99
13143 100
13144 100
13145 101
13146 100
13147 99
13148 100
13149 100
13150 100
13151 101
13152 101
13153 101
13154 101
13155 100
13156 101
13157 101
13158 101
13159 102
13160 100
13161 101
13162 101
13163 100
13164 101
13165 101
13166 101
13167 102
13168 101
13169 101
13170 101
13171 102
13172 101
13173 102
13174 101
13175 100
13176 102
13177 102
13178 101
13179 102
13180 100
13181 101
13182 100
13183 101
13184 100
13185 100
13186 101
13187 101
13188 169
13189 131
13190 103
13191 101
13192 101
13193 102
13194 100
13195 101
13196 102
13197 101
13198 101
13199 101
13200 101
13201 100
13202 101
13203 101
13204 101
13205 101
13206 101
13207 102
13208 101
13209 101
13210 101
13211 101
13212 102
13213 101
13214 101
13215 101
13216 102
13217 101
13218 100
13219 100
13220 102
13221 101
13222 100
13223 101
13224 100
13225 101
13226 101
13227 101
13228 101
13229 102
13230 101
13231 102
13232 100
13233 102
13234 101
13235 101
13236 100
13237 101
13238 157
13239 143
13240 101
13241 101
13242 101
13243 101
13244 101
13245 100
13246 101
13247 101
13248 102
13249 101
13250 103
13251 101
13252 100
13253 101
13254 101
13255 101
13256 99
13257 101
13258 99
13259 100
13260 100
13261 100
13262 99
13263 100
13264 101
13265 99
13266 100
13267 101
13268 100
13269 100
13270 100
13271 100
13272 100
13273 100
13274 100
13275 99
13276 100
13277 100
13278 100
13279 100
13280 101
13281 101
13282 102
13283 101
13284 101
13285 102
13286 101
13287 101
13288 141
13289 162
13290 101
13291 100
13292 101
13293 100
13294 100
13295 101
13296 100
13297 101
13298 101
13299 101
13300 101
13301 100
13302 102
13303 100
13304 101
13305 101
13306 101
13307 102
13308 100
13309 101
13310 101
13311 100
13312 100
13313 100
13314 99
13315 101
13316 99
13317 100
13318 100
13319 100
13320 100
13321 100
13322 99
13323 100
13324 100
13325 100
13326 100
13327 100
13328 100
13329 101
13330 100
13331 101
13332 99
13333 100
13334 100
13335 100
13336 100
13337 99
13338 118
13339 187
13340 96
13341 100
13342 100
13343 100
13344 100
13345 101
13346 100
13347 101
13348 100
13349 101
13350 100
13351 100
13352 100
13353 100
13354 100
13355 101
13356 101
13357 101
13358 100
13359 101
13360 100
13361 102
13362 102
13363 102
13364 101
13365 101
13366 101
13367 102
13368 100
13369 102
13370 101
13371 101
13372 101
13373 101
13374 100
13375 102
13376 101
13377 102
13378 101
13379 101
13380 101
13381 101
13382 101
13383 102
13384 102
13385 101
13386 101
13387 101
13388 104
13389 206
13390 94
13391 101
13392 100
13393 100
13394 101
13395 101
13396 101
13397 100
13398 100
13399 101
13400 102
13401 101
13402 102
13403 102
13404 100
13405 101
13406 101
13407 101
13408 102
13409 100
13410 100
13411 100
13412 101
13413 101
13414 101
13415 100
13416 101
13417 100
13418 101
13419 101
13420 102
13421 101
13422 102
13423 100
13424 101
13425 99
13426 102
13427 101
13428 101
13429 100
13430 100
13431 101
13432 101
13433 102
13434 101
13435 100
13436 101
13437 100
13438 102
13439 203
13440 101
13441 101
13442 101
13443 102
13444 101
13445 102
13446 101
13447 102
13448 100
13449 101
13450 101
13451 100
13452 102
13453 101
13454 100
13455 101
13456 100
13457 101
13458 102
13459 100
13460 100
13461 100
13462 101
13463 100
13464 100
13465 100
13466 100
13467 99
13468 100
13469 99
13470 100
13471 100
13472 100
13473 99
13474 100
13475 100
13476 100
13477 101
13478 101
13479 101
13480 102
13481 101
13482 101
13483 100
13484 101
13485 101
13486 102
13487 100
13488 101
13489 191
13490 111
13491 101
13492 101
13493 101
13494 100
13495 101
13496 102
13497 100
13498 101
13499 102
13500 100
13501 100
13502 101
13503 100
13504 100
13505 100
13506 100
13507 100
13508 101
13509 100
13510 100
13511 100
13512 101
13513 100
13514 100
13515 101
13516 100
13517 101
13518 99
13519 100
13520 101
13521 99
13522 101
13523 99
13524 100
13525 98
13526 100
13527 100
13528 98
13529 100
13530 101
13531 100
13532 100
13533 101
13534 100
13535 101
13536 101
13537 99
13538 100
13539 180
13540 122
13541 101
13542 100
13543 98
13544 100
13545 99
13546 99
13547 101
13548 99
13549 101
13550 100
13551 100
13552 99
13553 102
13554 101
13555 102
13556 101
13557 101
13558 101
13559 101
13560 101
13561 101
13562 100
13563 101
13564 101
13565 101
13566 101
13567 101
13568 101
13569 100
13570 101
13571 101
13572 102
13573 102
13574 101
13575 100
13576 101
13577 102
13578 100
13579 102
13580 101
13581 100
13582 101
13583 102
13584 101
13585 101
13586 100
13587 102
13588 100
13589 173
13590 129
13591 103
13592 103
13593 101
13594 101
13595 101
13596 101
13597 102
13598 102
13599 101
13600 101
13601 100
13602 100
13603 100
13604 101
13605 100
13606 101
13607 100
13608 101
13609 101
13610 102
13611 101
13612 101
13613 101
13614 101
13615 101
13616 101
13617 102
13618 100
13619 100
13620 100
13621 100
13622 101
13623 100
13624 101
13625 100
13626 101
13627 100
13628 101
13629 101
13630 102
13631 102
13632 102
13633 101
13634 101
13635 102
13636 101
13637 101
13638 101
13639 165
13640 136
13641 102
13642 101
13643 100
13644 101
13645 101
13646 100
13647 100
13648 102
13649 101
13650 102
13651 100
13652 101
13653 101
13654 101
13655 100
13656 101
13657 99
13658 100
13659 100
13660 99
13661 99
13662 100
13663 100
13664 101
13665 100
13666 100
13667 100
13668 100
13669 100
13670 99
13671 100
13672 99
13673 101
13674 100
13675 100
13676 100
13677 99
13678 100
13679 100
13680 101
13681 100
13682 102
13683 100
13684 101
13685 100
13686 102
13687 101
13688 101
13689 151
13690 151
13691 102
13692 100
13693 101
13694 101
13695 101
13696 100
13697 102
13698 99
13699 101
13700 100
13701 101
13702 100
13703 100
13704 100
13705 101
13706 101
13707 101
13708 101
13709 101
13710 101
13711 101
13712 100
13713 99
13714 102
13715 99
13716 99
13717 100
13718 100
13719 100
13720 99
13721 100
13722 99
13723 100
13724 100
13725 101
13726 100
13727 101
13728 98
13729 99
13730 101
13731 100
13732 101
13733 100
13734 100
13735 101
13736 100
13737 99
13738 101
13739 128
13740 175
13741 98
13742 100
13743 99
13744 101
13745 100
13746 101
13747 101
13748 99
13749 101
13750 101
13751 101
13752 99
13753 101
13754 100
13755 100
13756 101
13757 100
13758 101
13759 101
13760 101
13761 101
13762 102
13763 102
13764 102
13765 101
13766 102
13767 102
13768 100
13769 102
13770 101
13771 102
13772 101
13773 101
13774 101
13775 101
13776 101
13777 100
13778 100
13779 102
13780 100
13781 101
13782 102
13783 102
13784 101
13785 102
13786 101
13787 100
13788 101
13789 108
13790 201
13791 94
13792 100
13793 101
13794 101
13795 101
13796 100
13797 102
13798 100
13799 101
13800 101
13801 101
13802 101
13803 101
13804 102
13805 101
13806 101
13807 101
13808 100
13809 102
13810 100
13811 100
13812 101
13813 100
13814 101
13815 101
13816 100
13817 101
13818 102
13819 100
13820 102
13821 100
13822 101
13823 101
13824 100
13825 101
13826 101
13827 100
13828 102
13829 101
13830 99
13831 100
13832 101
13833 101
13834 100
13835 101
13836 100
13837 101
13838 101
13839 102
13840 207
13841 96
13842 102
13843 100
13844 102
13845 101
13846 101
13847 102
13848 101
13849 100
13850 101
13851 102
13852 101
13853 100
13854 101
13855 100
13856 101
13857 99
13858 101
13859 101
13860 101
13861 100
13862 100
13863 100
13864 99
13865 101
13866 99
13867 101
13868 98
13869 100
13870 99
13871 100
13872 100
13873 100
13874 99
13875 99
13876 100
13877 100
13878 100
13879 101
13880 101
13881 101
13882 101
13883 101
13884 101
13885 101
13886 101
13887 101
13888 100
13889 101
13890 198
13891 105
13892 101
13893 101
13894 100
13895 100
13896 100
13897 102
13898 101
13899 100
13900 101
13901 101
13902 100
13903 99
13904 102
13905 100
13906 99
13907 101
13908 100
13909 100
13910 101
13911 100
13912 100
13913 100
13914 100
13915 99
13916 102
13917 100
13918 100
13919 100
13920 100
13921 100
13922 100
13923 100
13924 100
13925 99
13926 98
13927 100
13928 100
13929 100
13930 100
13931 100
13932 99
13933 100
13934 100
13935 101
13936 102
13937 101
13938 99
13939 102
13940 184
13941 118
13942 100
13943 101
13944 99
13945 100
13946 99
13947 100
13948 101
13949 99
13950 100
13951 99
13952 101
13953 101
13954 101
13955 100
13956 101
13957 101
13958 100
13959 101
13960 101
13961 101
13962 101
13963 101
13964 101
13965 100
13966 101
13967 101
13968 101
13969 101
13970 100
13971 101
13972 101
13973 102
13974 102
13975 101
13976 102
13977 101
13978 102
13979 101
13980 101
13981 102
13982 99
13983 100
13984 101
13985 101
13986 101
13987 100
13988 101
13989 101
13990 176
13991 127
13992 102
13993 101
13994 102
13995 100
13996 101
13997 101
13998 102
13999 101
14000 101
14001 101
14002 100
14003 100
14004 101
14005 100
14006 101
14007 100
14008 101
14009 102
14010 100
14011 101
14012 103
14013 101
14014 102
14015 101
14016 101
14017 102
14018 101
14019 101
14020 100
14021 101
14022 100
14023 101
14024 100
14025 101
14026 100
14027 101
14028 100
14029 101
14030 101
14031 102
14032 101
14033 100
14034 101
14035 101
14036 101
14037 101
14038 101
14039 101
14040 169
14041 133
14042 102
14043 101
14044 101
14045 101
14046 101
14047 101
14048 102
14049 101
14050 102
14051 101
14052 101
14053 101
14054 100
14055 102
14056 101
14057 101
14058 99
14059 99
14060 101
14061 99
14062 100
14063 100
14064 99
14065 100
14066 100
14067 100
14068 100
14069 101
14070 100
14071 100
14072 101
14073 100
14074 100
14075 100
14076 101
14077 100
14078 100
14079 98
14080 101
14081 101
14082 101
14083 101
14084 101
14085 100
14086 101
14087 102
14088 101
14089 102
14090 163
14091 147
14092 101
14093 102
14094 102
14095 101
14096 102
14097 101
14098 100
14099 100
14100 101
14101 100
14102 101
14103 101
14104 100
14105 101
14106 101
14107 101
14108 102
14109 101
14110 101
14111 101
14112 100
14113 101
14114 100
14115 100
14116 100
14117 100
14118 99
14119 99
14120 101
14121 100
14122 100
14123 100
14124 100
14125 100
14126 100
14127 99
14128 100
14129 100
14130 100
14131 100
14132 100
14133 101
14134 99
14135 101
14136 100
14137 100
14138 99
14139 101
14140 140
14141 161
14142 100
14143 101
14144 100
14145 101
14146 101
14147 99
14148 102
14149 99
14150 100
14151 101
14152 101
14153 101
14154 99
14155 100
14156 100
14157 100
14158 101
14159 102
14160 100
14161 101
14162 101
14163 101
14164 101
14165 103
14166 101
14167 102
14168 101
14169 100
14170 101
14171 102
14172 102
14173 100
14174 102
14175 100
14176 101
14177 101
14178 102
14179 101
14180 102
14181 101
14182 100
14183 101
14184 101
14185 102
14186 102
14187 103
14188 101
14189 101
14190 118
14191 191
14192 96
14193 100
14194 102
14195 102
14196 101
14197 101
14198 101
14199 100
14200 100
14201 101
14202 101
14203 101
14204 102
14205 100
14206 102
14207 102
14208 99
14209 100
14210 101
14211 100
14212 101
14213 101
14214 101
14215 100
14216 101
14217 100
14218 101
14219 101
14220 101
14221 102
14222 101
14223 101
14224 101
14225 102
14226 100
14227 101
14228 101
14229 102
14230 100
14231 101
14232 100
14233 100
14234 100
14235 100
14236 101
14237 101
14238 100
14239 101
14240 103
14241 207
14242 95
14243 101
14244 102
14245 102
14246 101
14247 102
14248 101
14249 102
14250 100
14251 100
14252 101
14253 102
14254 100
14255 100
14256 100
14257 101
14258 100
14259 100
14260 100
14261 101
14262 101
14263 100
14264 99
14265 101
14266 101
14267 100
14268 100
14269 100
14270 100
14271 100
14272 100
14273 100
14274 100
14275 100
14276 100
14277 100
14278 100
14279 101
14280 101
14281 100
14282 101
14283 101
14284 101
14285 101
14286 100
14287 101
14288 101
14289 100
14290 101
14291 203
14292 101
14293 101
14294 100
14295 100
14296 101
14297 101
14298 102
14299 101
14300 102
14301 101
14302 100
14303 101
14304 101
14305 100
14306 101
14307 100
14308 100
14309 101
14310 101
14311 100
14312 100
14313 99
14314 100
14315 101
14316 100
14317 101
14318 101
14319 101
14320 100
14321 100
14322 101
14323 100
14324 99
14325 101
14326 98
14327 100
14328 98
14329 99
14330 100
14331 100
14332 101
14333 100
14334 101
14335 101
14336 101
14337 100
14338 100
14339 101
14340 100
14341 189
14342 112
14343 100
14344 101
14345 99
14346 98
14347 101
14348 99
14349 100
14350 100
14351 100
14352 101
14353 100
14354 100
14355 102
14356 101
14357 101
14358 101
14359 101
14360 101
14361 101
14362 101
14363 102
14364 100
14365 102
14366 101
14367 101
14368 102
14369 100
14370 102
14371 100
14372 100
14373 103
14374 102
14375 101
14376 102
14377 101
14378 102
14379 101
14380 101
14381 102
14382 101
14383 101
14384 100
14385 100
14386 100
14387 102
14388 100
14389 102
14390 101
14391 179
14392 123
14393 101
14394 103
14395 101
14396 102
14397 101
14398 101
14399 101
14400 100
14401 102
14402 102
14403 100
14404 101
14405 100
14406 100
14407 102
14408 101
14409 100
14410 102
14411 100
14412 101
14413 101
14414 102
14415 100
14416 101
14417 100
14418 101
14419 101
14420 101
14421 101
14422 100
14423 101
14424 100
14425 101
14426 100
14427 101
14428 101
14429 99
14430 101
14431 101
14432 102
14433 102
14434 101
14435 101
14436 102
14437 101
14438 101
14439 102
14440 100
14441 173
14442 129
14443 102
14444 101
14445 101
14446 100
14447 101
14448 101
14449 101
14450 102
14451 103
14452 100
14453 101
14454 101
14455 101
14456 101
14457 102
14458 99
14459 100
14460 100
14461 99
14462 101
14463 100
14464 99
14465 99
14466 101
14467 99
14468 100
14469 100
14470 101
14471 100
14472 101
14473 100
14474 102
14475 100
14476 100
14477 100
14478 100
14479 98
14480 100
14481 100
14482 101
14483 101
14484 102
14485 99
14486 102
14487 100
14488 101
14489 102
14490 102
14491 163
14492 137
14493 104
14494 101
14495 101
14496 102
14497 101
14498 100
14499 100
14500 100
14501 100
14502 100
14503 100
14504 99
14505 101
14506 101
14507 101
14508 101
14509 101
14510 101
14511 101
14512 100
14513 100
14514 100
14515 101
14516 100
14517 100
14518 100
14519 99
14520 99
14521 100
14522 100
14523 100
14524 99
14525 99
14526 100
14527 100
14528 100
14529 100
14530 99
14531 100
14532 100
14533 101
14534 100
14535 100
14536 100
14537 99
14538 100
14539 100
14540 101
14541 149
14542 150
14543 100
14544 100
14545 99
14546 101
14547 101
14548 99
14549 101
14550 101
14551 100
14552 101
14553 101
14554 100
14555 100
14556 100
14557 100
14558 100
14559 100
14560 101
14561 102
14562 101
14563 100
14564 101
14565 101
14566 102
14567 102
14568 102
14569 102
14570 101
14571 102
14572 100
14573 100
14574 102
14575 101
14576 101
14577 101
14578 100
14579 101
14580 101
14581 102
14582 100
14583 101
14584 102
14585 101
14586 101
14587 102
14588 101
14589 101
14590 102
14591 129
14592 177
14593 97
14594 100
14595 101
14596 102
14597 101
14598 100
14599 101
14600 100
14601 100
14602 101
14603 102
14604 102
14605 101
14606 100
14607 101
14608 101
14609 101
14610 100
14611 102
14612 99
14613 101
14614 100
14615 101
14616 100
14617 100
14618 102
14619 101
14620 100
14621 101
14622 101
14623 101
14624 102
14625 101
14626 102
14627 100
14628 101
14629 101
14630 102
14631 100
14632 102
14633 99
14634 100
14635 101
14636 101
14637 101
14638 101
14639 102
14640 101
14641 108
14642 202
14643 95
14644 101
14645 102
14646 102
14647 102
14648 101
14649 102
14650 102
14651 101
14652 101
14653 101
14654 100
14655 101
14656 101
14657 101
14658 100
14659 100
14660 101
14661 101
14662 101
14663 100
14664 101
14665 100
14666 101
14667 100
14668 101
14669 100
14670 100
14671 99
14672 99
14673 99
14674 101
14675 99
14676 100
14677 100
14678 100
14679 101
14680 101
14681 100
14682 101
14683 100
14684 102
14685 101
14686 101
14687 100
14688 101
14689 100
14690 101
14691 100
14692 206
14693 96
14694 101
14695 101
14696 99
14697 101
14698 101
14699 100
14700 101
14701 101
14702 101
14703 101
14704 100
14705 101
14706 101
14707 101
14708 100
14709 99
14710 101
14711 100
14712 101
14713 101
14714 100
14715 100
14716 100
14717 101
14718 101
14719 100
14720 100
14721 99
14722 100
14723 101
14724 99
14725 100
14726 100
14727 98
14728 99
14729 99
14730 99
14731 99
14732 101
14733 99
14734 100
14735 100
14736 101
14737 100
14738 101
14739 101
14740 100
14741 100
14742 196
14743 105
14744 101
14745 100
14746 99
14747 100
14748 99
14749 99
14750 101
14751 100
14752 99
14753 101
14754 101
14755 100
14756 101
14757 101
14758 101
14759 101
14760 101
14761 101
14762 101
14763 102
14764 100
14765 100
14766 101
14767 100
14768 100
14769 102
14770 101
14771 101
14772 101
14773 101
14774 101
14775 102
14776 102
14777 102
14778 101
14779 102
14780 101
14781 102
14782 101
14783 100
14784 102
14785 101
14786 101
14787 101
14788 102
14789 101
14790 101
14791 100
14792 185
14793 117
14794 102
14795 102
14796 101
14797 101
14798 101
14799 101
14800 101
14801 101
14802 101
14803 101
14804 100
14805 101
14806 100
14807 101
14808 102
14809 101
14810 99
14811 101
14812 100
14813 102
14814 101
14815 102
14816 101
14817 100
14818 101
14819 101
14820 101
14821 100
14822 100
14823 100
14824 99
14825 100
14826 102
14827 101
14828 100
14829 101
14830 101
14831 101
14832 101
14833 101
14834 101
14835 101
14836 101
14837 101
14838 102
14839 101
14840 102
14841 101
14842 177
14843 125
14844 102
14845 101
14846 100
14847 101
14848 101
14849 101
14850 101
14851 101
14852 102
14853 102
14854 101
14855 101
14856 102
14857 101
14858 101
14859 101
14860 101
14861 99
14862 100
14863 100
14864 100
14865 100
14866 100
14867 100
14868 100
14869 99
14870 100
14871 100
14872 100
14873 100
14874 101
14875 101
14876 100
14877 99
14878 101
14879 99
14880 100
14881 99
14882 99
14883 101
14884 102
14885 100
14886 101
14887 101
14888 100
14889 102
14890 101
14891 102
14892 168
14893 133
14894 103
14895 101
14896 101
14897 101
14898 101
14899 100
14900 100
14901 100
14902 101
14903 101
14904 101
14905 101
14906 100
14907 101
14908 101
14909 101
14910 102
14911 100
14912 101
14913 100
14914 100
14915 102
14916 101
14917 99
14918 99
14919 100
14920 99
14921 100
14922 100
14923 99
14924 99
14925 100
14926 100
14927 99
14928 100
14929 100
14930 100
14931 99
14932 100
14933 101
14934 101
14935 101
14936 101
14937 100
14938 99
14939 100
14940 99
14941 101
14942 157
14943 142
14944 101
14945 101
14946 100
14947 101
14948 100
14949 101
14950 101
14951 100
14952 101
14953 101
14954 100
14955 100
14956 101
14957 100
14958 101
14959 100
14960 101
14961 100
14962 101
14963 102
14964 100
14965 101
14966 102
14967 100
14968 101
14969 101
14970 102
14971 101
14972 102
14973 101
14974 101
14975 100
14976 101
14977 101
14978 100
14979 101
14980 100
14981 102
14982 101
14983 102
14984 100
14985 102
14986 102
14987 102
14988 101
14989 102
14990 101
14991 101
14992 143
14993 206
14994 94
14995 100
14996 100
14997 101
14998 101
14999 100
15000 101
15001 101
15002 101
15003 100
15004 101
15005 103
15006 101
15007 101
15008 101
15009 101
15010 101
15011 102
15012 101
15013 101
15014 100
15015 100
15016 100
15017 101
15018 100
15019 100
15020 101
15021 101
15022 101
15023 102
15024 101
15025 101
15026 101
15027 101
15028 100
15029 102
15030 100
15031 102
15032 101
15033 101
15034 100
15035 101
15036 101
15037 102
15038 102
15039 100
15040 101
15041 102
15042 117
15043 192
15044 97
15045 100
15046 102
15047 101
15048 102
15049 100
15050 102
15051 101
15052 100
15053 101
15054 101
15055 100
15056 101
15057 102
15058 100
15059 100
15060 101
15061 100
15062 100
15063 101
15064 100
15065 100
15066 101
15067 100
15068 101
15069 100
15070 100
15071 99
15072 100
15073 100
15074 100
15075 99
15076 100
15077 99
15078 100
15079 99
15080 99
15081 102
15082 101
15083 100
15084 101
15085 101
15086 101
15087 101
15088 101
15089 101
15090 100
15091 101
15092 103
15093 205
15094 94
15095 101
15096 100
15097 102
15098 101
15099 100
15100 102
15101 101
15102 101
15103 188
15104 108
15105 99
15106 101
15107 100
15108 101
15109 100
15110 100
15111 101
15112 100
15113 102
15114 100
15115 100
15116 100
15117 101
15118 100
15119 100
15120 100
15121 101
15122 100
15123 101
15124 99
15125 100
15126 99
15127 100
15128 99
15129 99
15130 99
15131 100
15132 99
15133 100
15134 100
15135 100
15136 99
15137 102
15138 101
15139 101
15140 101
15141 101
15142 100
15143 202
15144 100
15145 101
15146 100
15147 100
15148 100
15149 99
15150 100
15151 100
15152 100
15153 101
15154 101
15155 100
15156 99
15157 101
15158 101
15159 101
15160 101
15161 101
15162 101
15163 101
15164 101
15165 102
15166 101
15167 101
15168 101
15169 101
15170 100
15171 101
15172 101
15173 101
15174 101
15175 101
15176 102
15177 101
15178 102
15179 102
15180 101
15181 100
15182 102
15183 101
15184 102
15185 101
15186 101
15187 100
15188 101
15189 101
15190 100
15191 101
15192 101
15193 191
15194 110
15195 102
15196 102
15197 101
15198 102
15199 101
15200 101
15201 101
15202 101
15203 102
15204 100
15205 101
15206 99
15207 101
15208 101
15209 101
15210 101
15211 101
15212 100
15213 101
15214 102
15215 102
15216 101
15217 101
15218 101
15219 100
15220 102
15221 102
15222 100
15223 101
15224 100
15225 100
15226 101
15227 100
15228 101
15229 100
15230 102
15231 99
15232 101
15233 101
15234 100
15235 102
15236 102
15237 101
15238 102
15239 101
15240 101
15241 101
15242 101
15243 180
15244 122
15245 101
15246 100
15247 101
15248 101
15249 101
15250 101
15251 100
15252 102
15253 101
15254 101
15255 102
15256 101
15257 101
15258 101
15259 101
15260 101
15261 101
15262 99
15263 100
15264 100
15265 101
15266 99
15267 100
15268 99
15269 100
15270 99
15271 100
15272 101
15273 101
15274 100
15275 100
15276 100
15277 100
15278 100
15279 100
15280 100
15281 99
15282 100
15283 101
15284 99
15285 100
15286 101
15287 101
15288 101
15289 100
15290 102
15291 101
15292 101
15293 172
15294 130
15295 102
15296 101
15297 101
15298 100
15299 101
15300 102
15301 100
15302 100
15303 101
15304 100
15305 101
15306 100
15307 101
15308 101
15309 100
15310 100
15311 101
15312 101
15313 100
15314 101
15315 101
15316 100
15317 101
15318 101
15319 99
15320 99
15321 99
15322 100
15323 100
15324 100
15325 100
15326 99
15327 100
15328 99
15329 100
15330 100
15331 100
15332 99
15333 100
15334 100
15335 100
15336 100
15337 100
15338 100
15339 100
15340 100
15341 100
15342 101
15343 163
15344 136
15345 101
15346 100
15347 100
15348 101
15349 101
15350 100
15351 101
15352 100
15353 100
15354 101
15355 100
15356 100
15357 100
15358 100
15359 100
15360 100
15361 102
15362 100
15363 102
15364 100
15365 100
15366 102
15367 103
15368 102
15369 101
15370 101
15371 102
15372 101
15373 102
15374 102
15375 101
15376 101
15377 100
15378 101
15379 100
15380 102
15381 100
15382 102
15383 100
15384 101
15385 100
15386 101
15387 101
15388 100
15389 103
15390 101
15391 102
15392 101
15393 150
15394 153
15395 101
15396 100
15397 101
15398 101
15399 101
15400 100
15401 102
15402 100
15403 101
15404 100
15405 102
15406 102
15407 101
15408 101
15409 102
15410 101
15411 100
15412 101
15413 100
15414 100
15415 101
15416 101
15417 100
15418 102
15419 100
15420 100
15421 101
15422 100
15423 100
15424 101
15425 102
15426 101
15427 101
15428 101
15429 100
15430 101
15431 101
15432 101
15433 100
15434 102
15435 100
15436 100
15437 101
15438 102
15439 101
15440 101
15441 100
15442 101
15443 127
15444 179
15445 98
15446 102
15447 101
15448 102
15449 102
15450 102
15451 100
15452 102
15453 101
15454 101
15455 100
15456 102
15457 100
15458 101
15459 101
15460 100
15461 100
15462 100
15463 101
15464 101
15465 100
15466 100
15467 100
15468 100
15469 100
15470 100
15471 100
15472 99
15473 99
15474 99
15475 100
15476 100
15477 100
15478 100
15479 99
15480 99
15481 100
15482 101
15483 100
15484 101
15485 101
15486 100
15487 101
15488 101
15489 102
15490 102
15491 99
15492 101
15493 108
15494 200
15495 94
15496 101
15497 101
15498 100
15499 100
15500 101
15501 101
15502 100
15503 101
15504 101
15505 100
15506 101
15507 101
15508 100
15509 101
15510 99
15511 102
15512 98
15513 100
15514 101
15515 100
15516 101
15517 100
15518 101
15519 100
15520 101
15521 101
15522 100
15523 101
15524 100
15525 100
15526 99
15527 100
15528 100
15529 98
15530 100
15531 98
15532 100
15533 99
15534 99
15535 100
15536 100
15537 100
15538 100
15539 100
15540 101
15541 100
15542 100
15543 100
15544 206
15545 96
15546 101
15547 100
15548 101
15549 99
15550 99
15551 100
15552 100
15553 99
15554 99
15555 101
15556 100
15557 100
15558 101
15559 101
15560 102
15561 101
15562 101
15563 102
15564 101
15565 101
15566 101
15567 101
15568 99
15569 101
15570 100
15571 101
15572 101
15573 102
15574 100
15575 102
15576 101
15577 101
15578 102
15579 102
15580 102
15581 101
15582 101
15583 100
15584 102
15585 102
15586 100
15587 100
15588 100
15589 101
15590 101
15591 101
15592 101
15593 101
15594 197
15595 107
15596 101
15597 101
15598 101
15599 101
15600 102
15601 102
15602 101
15603 101
15604 102
15605 101
15606 101
15607 100
15608 101
15609 101
15610 100
15611 101
15612 100
15613 102
15614 100
15615 101
15616 101
15617 102
15618 101
15619 102
15620 101
15621 100
15622 102
15623 101
15624 101
15625 101
15626 100
15627 101
15628 101
15629 101
15630 101
15631 100
15632 101
15633 100
15634 102
15635 102
15636 102
15637 100
15638 101
15639 101
15640 101
15641 101
15642 101
15643 102
15644 184
15645 118
15646 100
15647 101
15648 101
15649 101
15650 101
15651 101
15652 101
15653 101
15654 102
15655 102
15656 102
15657 101
15658 100
15659 101
15660 101
15661 101
15662 101
15663 99
15664 100
15665 100
15666 101
15667 99
15668 99
15669 100
15670 101
15671 99
15672 100
15673 100
15674 100
15675 100
15676 101
15677 100
15678 100
15679 100
15680 100
15681 102
15682 100
15683 100
15684 100
15685 100
15686 100
15687 101
15688 101
15689 100
15690 101
15691 101
15692 100
15693 102
15694 176
15695 127
15696 101
15697 101
15698 102
15699 101
15700 101
15701 101
15702 99
15703 100
15704 101
15705 99
15706 101
15707 100
15708 100
15709 101
15710 100
15711 102
15712 100
15713 102
15714 101
15715 102
15716 100
15717 100
15718 101
15719 101
15720 100
15721 99
15722 100
15723 100
15724 99
15725 101
15726 100
15727 100
15728 99
15729 99
15730 100
15731 99
15732 99
15733 99
15734 100
15735 101
15736 99
15737 100
15738 102
15739 99
15740 100
15741 100
15742 100
15743 100
15744 167
15745 132
15746 101
15747 100
15748 100
15749 101
15750 101
15751 100
15752 101
15753 100
15754 101
15755 101
15756 101
15757 100
15758 100
15759 101
15760 99
15761 101
15762 101
15763 101
15764 100
15765 101
15766 100
15767 101
15768 101
15769 102
15770 101
15771 102
15772 102
15773 102
15774 102
15775 101
15776 101
15777 102
15778 101
15779 100
15780 101
15781 101
15782 100
15783 101
15784 102
15785 100
15786 101
15787 102
15788 103
15789 101
15790 102
15791 100
15792 101
15793 101
15794 158
15795 145
15796 101
15797 100
15798 100
15799 101
15800 100
15801 101
15802 101
15803 101
15804 100
15805 101
15806 101
15807 101
15808 101
15809 101
15810 101
15811 101
15812 101
15813 102
15814 101
15815 100
15816 100
15817 101
15818 102
15819 100
15820 100
15821 101
15822 101
15823 100
15824 101
15825 100
15826 102
15827 101
15828 101
15829 101
15830 101
15831 101
15832 101
15833 100
15834 101
15835 101
15836 101
15837 100
15838 100
15839 101
15840 100
15841 101
15842 101
15843 101
15844 139
15845 166
15846 100
15847 102
15848 101
15849 101
15850 100
15851 101
15852 102
15853 101
15854 100
15855 101
15856 100
15857 101
15858 101
15859 100
15860 100
15861 101
15862 100
15863 100
15864 101
15865 101
15866 101
15867 100
15868 100
15869 100
15870 100
15871 100
15872 100
15873 100
15874 100
15875 100
15876 99
15877 100
15878 100
15879 100
15880 100
15881 100
15882 100
15883 100
15884 101
15885 100
15886 102
15887 101
15888 101
15889 101
15890 101
15891 101
15892 100
15893 101
15894 115
15895 224
15896 95
15897 101
15898 101
15899 101
15900 100
15901 100
15902 101
15903 102
15904 101
15905 100
15906 100
15907 102
15908 100
15909 101
15910 100
15911 100
15912 100
15913 100
15914 100
15915 100
15916 101
15917 100
15918 100
15919 101
15920 100
15921 100
15922 102
15923 101
15924 276
15925 282
15926 282
15927 282
15928 282
15929 281
15930 281
15931 281
15932 281
15933 281
15934 281
15935 283
15936 282
15937 281
15938 282
15939 282
15940 283
15941 283
15942 282
15943 282
15944 282
15945 281
15946 281
15947 281
15948 281
15949 281
15950 281
15951 281
15952 279
15953 282
15954 281
15955 280
15956 282
15957 280
15958 281
15959 282
15960 281
15961 281
15962 281
15963 282
15964 282
15965 281
15966 281
15967 282
15968 283
15969 281
15970 281
15971 282
15972 282
15973 282
15974 281
15975 282
15976 282
15977 282
15978 283
15979 283
15980 283
15981 282
15982 282
15983 282
15984 282
15985 282
15986 283
15987 282
15988 282
15989 282
15990 280
15991 282
15992 279
15993 282
15994 195
15995 186
15996 186
15997 188
15998 187
15999 188
16000 187
16001 193
16002 299
16003 247
