8307 272
8308 279
8309 278
8310 279
8311 279
8312 279
8313 278
8314 280
8315 278
8316 279
8317 280
8318 280
8319 280
8320 279
8321 279
8322 280
8323 278
8324 280
8325 279
8326 278
8327 279
8328 279
8329 278
8330 281
8331 279
8332 278
8333 280
8334 279
8335 278
8336 279
8337 280
8338 279
8339 280
8340 279
8341 279
8342 280
8343 279
8344 280
8345 280
8346 278
8347 279
8348 278
8349 279
8350 279
8351 278
8352 279
8353 279
8354 278
8355 280
8356 280
8357 280
8358 283
8359 280
8360 279
8361 278
8362 280
8363 279
8364 280
8365 279
8366 279
8367 279
8368 278
8369 280
8370 280
8371 279
8372 279
8373 282
8374 279
8375 279
8376 280
8377 280
8378 279
8379 279
8380 280
8381 280
8382 279
8383 280
8384 279
8385 279
8386 278
8387 279
8388 278
8389 278
8390 278
8391 279
8392 278
8393 279
8394 279
8395 279
8396 278
8397 278
8398 278
8399 278
8400 278
8401 279
8402 279
8403 277
8404 277
8405 278
8406 279
8407 277
8408 282
8409 279
8410 278
8411 279
8412 278
8413 280
8414 279
8415 280
8416 279
8417 280
8418 279
8419 279
8420 280
8421 279
8422 280
8423 278
8424 279
8425 279
8426 278
8427 279
8428 277
8429 279
8430 280
8431 279
8432 280
8433 280
8434 279
8435 279
8436 278
8437 279
8438 280
8439 277
8440 278
8441 279
8442 278
8443 278
8444 279
8445 278
8446 278
8447 278
8448 278
8449 278
8450 281
8451 282
8452 281
8453 281
8454 280
8455 281
8456 280
8457 281
8458 279
8459 281
8460 282
8461 280
8462 281
8463 281
8464 282
8465 281
8466 282
8467 281
8468 282
8469 281
8470 282
8471 281
8472 281
8473 282
8474 282
8475 281
8476 282
8477 281
8478 282
8479 281
8480 280
8481 282
8482 282
8483 281
8484 281
8485 283
8486 281
8487 282
8488 282
8489 282
8490 283
8491 283
8492 283
8493 283
8494 282
8495 283
8496 284
8497 282
8498 283
8499 281
8500 283
8501 282
8502 282
8503 282
8504 283
8505 282
8506 282
8507 283
8508 281
8509 283
8510 283
8511 283
8512 283
8513 282
8514 282
8515 282
8516 284
8517 282
8518 282
8519 282
8520 282
8521 281
8522 282
8523 282
8524 282
8525 282
8526 282
8527 283
8528 283
8529 282
8530 282
8531 283
8532 283
8533 282
8534 284
8535 281
8536 283
8537 282
8538 282
8539 282
8540 281
8541 281
8542 281
8543 282
8544 281
8545 282
8546 282
8547 282
8548 282
8549 283
8550 283
8551 282
8552 282
8553 282
8554 283
8555 282
8556 282
8557 282
8558 280
8559 281
8560 282
8561 281
8562 282
8563 282
8564 282
8565 281
8566 283
8567 282
8568 283
8569 282
8570 283
8571 282
8572 282
8573 283
8574 282
8575 282
8576 281
8577 282
8578 282
8579 282
8580 282
8581 282
8582 282
8583 281
8584 282
8585 283
8586 285
8587 251
8588 185
