0 265 
1 267 
2 268 
3 268 
4 267 
5 268 
6 267 
7 268 
8 268 
9 267 
10 268 
11 267 
12 268 
13 267 
14 268 
15 267 
16 268 
17 267 
18 267 
19 268 
20 267 
21 268 
22 267 
23 268 
24 267 
25 267 
26 268 
27 267 
28 268 
29 267 
30 268 
31 267 
32 268 
33 268 
34 267 
35 268 
36 267 
37 268 
38 268 
39 267 
40 268 
41 267 
42 268 
43 267 
44 268 
45 267 
46 268 
47 267 
48 267 
49 268 
50 267 
51 268 
52 267 
53 268 
54 267 
55 267 
56 268 
57 267 
58 268 
59 267 
60 268 
61 267 
62 268 
63 268 
64 267 
65 268 
66 267 
67 268 
68 268 
69 267 
70 268 
71 267 
72 268 
73 267 
74 268 
75 267 
76 268 
77 267 
78 267 
79 268 
80 267 
81 268 
82 267 
83 268 
84 267 
85 267 
86 268 
87 267 
88 268 
89 267 
90 268 
91 267 
92 268 
93 268 
94 267 
95 268 
96 267 
97 268 
98 268 
99 267 
100 268 
101 267 
102 268 
103 267 
104 268 
105 267 
106 268 
107 267 
108 267 
109 268 
110 267 
111 268 
112 267 
113 268 
114 267 
115 267 
116 268 
117 267 
118 268 
119 267 
120 268 
121 267 
122 268 
123 268 
124 267 
125 268 
126 267 
127 268 
128 268 
129 267 
130 268 
131 267 
132 268 
133 267 
134 268 
135 267 
136 268 
137 267 
138 267 
139 268 
140 267 
141 268 
142 267 
143 268 
144 267 
145 267 
146 268 
147 267 
148 267 
149 243 
