0 230 
1 271 
2 271 
3 271 
4 271 
5 271 
6 271 
7 271 
8 271 
9 271 
10 271 
11 271 
12 271 
13 271 
14 271 
15 271 
16 271 
17 271 
18 271 
19 271 
20 271 
21 271 
22 271 
23 271 
24 271 
25 271 
26 271 
27 271 
28 271 
29 271 
30 271 
31 271 
32 271 
33 271 
34 271 
35 271 
36 271 
37 271 
38 271 
39 271 
40 271 
41 271 
42 271 
43 271 
44 271 
45 271 
46 271 
47 271 
48 271 
49 271 
50 271 
51 271 
52 271 
53 271 
54 271 
55 271 
56 271 
57 271 
58 271 
59 271 
60 271 
61 271 
62 271 
63 271 
64 271 
65 271 
66 271 
67 271 
68 271 
69 271 
70 271 
71 271 
72 271 
73 271 
74 271 
75 271 
76 271 
77 271 
78 271 
79 271 
80 271 
81 271 
82 271 
83 271 
84 271 
85 271 
86 271 
87 271 
88 271 
89 271 
90 271 
91 271 
92 271 
93 271 
94 271 
95 271 
96 271 
97 271 
98 271 
99 271 
100 271 
101 271 
102 271 
103 271 
104 271 
105 271 
106 271 
107 271 
108 271 
109 271 
110 271 
111 271 
112 271 
113 271 
114 271 
115 271 
116 271 
117 271 
118 271 
119 271 
120 271 
121 271 
122 271 
123 271 
124 271 
125 271 
126 271 
127 271 
128 271 
129 271 
130 271 
131 271 
132 271 
133 271 
134 271 
135 271 
136 271 
137 271 
138 271 
139 271 
140 271 
141 271 
142 271 
143 271 
144 271 
145 271 
146 271 
147 271 
148 271 
149 271 
150 271 
151 271 
152 271 
153 271 
154 271 
155 271 
156 271 
157 271 
158 271 
159 271 
160 271 
161 271 
162 271 
163 271 
164 271 
165 271 
166 271 
167 271 
168 271 
169 271 
170 271 
171 271 
172 271 
173 271 
174 271 
175 133 
