0 292 
1 272 
2 272 
3 272 
4 272 
5 272 
6 272 
7 272 
8 272 
9 272 
10 272 
11 272 
12 272 
13 272 
14 272 
15 272 
16 272 
17 272 
18 272 
19 272 
20 272 
21 272 
22 272 
23 272 
24 272 
25 272 
26 272 
27 272 
28 272 
29 272 
30 272 
31 272 
32 272 
33 272 
34 272 
35 272 
36 272 
37 272 
38 272 
39 272 
40 272 
41 272 
42 272 
43 272 
44 272 
45 272 
46 272 
47 272 
48 272 
49 272 
50 272 
51 272 
52 272 
53 272 
54 272 
55 272 
56 272 
57 272 
58 272 
59 272 
60 272 
61 272 
62 272 
63 272 
64 272 
65 272 
66 272 
67 272 
68 272 
69 272 
70 272 
71 272 
72 272 
73 272 
74 272 
75 272 
76 272 
77 272 
78 272 
79 272 
80 272 
81 272 
82 272 
83 272 
84 272 
85 272 
86 272 
87 272 
88 272 
89 272 
90 272 
91 272 
92 272 
93 272 
94 272 
95 272 
96 272 
97 272 
98 272 
99 272 
100 272 
101 272 
102 272 
103 272 
104 272 
105 272 
106 272 
107 272 
108 272 
109 272 
110 272 
111 272 
112 272 
113 272 
114 272 
115 272 
116 272 
117 272 
118 272 
119 272 
120 272 
121 272 
122 272 
123 272 
124 272 
125 272 
126 272 
127 272 
128 272 
129 272 
130 272 
131 272 
132 272 
133 272 
134 283 
135 291 
