0 299 
1 289 
2 289 
3 289 
4 289 
5 289 
6 289 
7 289 
8 289 
9 289 
10 289 
11 289 
12 289 
13 289 
14 289 
15 289 
16 289 
17 289 
18 289 
19 289 
20 289 
21 289 
22 289 
23 289 
24 289 
25 289 
26 289 
27 289 
28 289 
29 289 
30 289 
31 289 
32 289 
33 289 
34 289 
35 289 
36 289 
37 289 
38 289 
39 289 
40 289 
41 289 
42 289 
43 289 
44 289 
45 289 
46 289 
47 289 
48 289 
49 289 
50 289 
51 289 
52 289 
53 289 
54 289 
55 289 
56 289 
57 289 
58 289 
59 289 
60 289 
61 289 
62 289 
63 289 
64 289 
65 289 
66 289 
67 289 
68 289 
69 289 
70 289 
71 289 
72 289 
73 289 
74 287 
75 281 
76 281 
77 281 
78 281 
79 281 
80 281 
81 281 
82 281 
83 281 
84 281 
85 281 
86 281 
87 281 
88 281 
89 281 
90 281 
91 281 
92 281 
93 281 
94 281 
95 281 
96 281 
97 281 
98 281 
99 281 
100 281 
101 281 
102 281 
103 281 
104 281 
105 281 
106 281 
107 281 
108 281 
109 281 
110 281 
111 281 
112 281 
113 281 
114 281 
115 281 
116 281 
117 281 
118 281 
119 281 
120 281 
121 281 
122 281 
123 281 
124 281 
125 281 
126 281 
127 281 
128 281 
129 281 
130 281 
131 281 
132 281 
133 281 
134 281 
135 281 
136 281 
137 281 
138 281 
139 281 
140 281 
141 281 
142 281 
143 281 
144 281 
145 282 
146 291 
