0 248 
1 294 
2 294 
3 294 
4 294 
5 294 
6 294 
7 294 
8 294 
9 294 
10 294 
11 294 
12 294 
13 294 
14 294 
15 294 
16 294 
17 294 
18 294 
19 294 
20 294 
21 294 
22 294 
23 294 
24 294 
25 294 
26 294 
27 294 
28 294 
29 294 
30 294 
31 294 
32 294 
33 294 
34 294 
35 294 
36 294 
37 294 
38 294 
39 294 
40 294 
41 294 
42 294 
43 294 
44 294 
45 294 
46 294 
47 294 
48 294 
49 294 
50 294 
51 294 
52 294 
53 294 
54 294 
55 294 
56 294 
57 294 
58 294 
59 294 
60 295 
61 303 
62 303 
63 303 
64 303 
65 303 
66 303 
67 303 
68 303 
69 303 
70 303 
71 303 
72 303 
73 303 
74 303 
75 303 
76 303 
77 303 
78 303 
79 303 
80 303 
81 303 
82 303 
83 303 
84 303 
85 303 
86 303 
87 303 
88 303 
89 303 
90 303 
91 303 
92 303 
93 303 
94 303 
95 303 
96 303 
97 303 
98 303 
99 303 
100 303 
101 303 
102 303 
103 303 
104 303 
105 303 
106 303 
107 303 
108 303 
109 303 
110 303 
111 303 
112 303 
113 303 
114 303 
115 303 
116 303 
117 303 
118 293 
