0 293 
1 281 
2 281 
3 281 
4 281 
5 281 
6 281 
7 281 
8 281 
9 281 
10 281 
11 281 
12 281 
13 281 
14 281 
15 281 
16 281 
17 281 
18 281 
19 281 
20 281 
21 281 
22 281 
23 281 
24 281 
25 281 
26 281 
27 281 
28 281 
29 281 
30 281 
31 281 
32 281 
33 281 
34 281 
35 281 
36 281 
37 281 
38 281 
39 281 
40 281 
41 281 
42 281 
43 281 
44 281 
45 281 
46 281 
47 281 
48 281 
49 281 
50 281 
51 281 
52 281 
53 281 
54 281 
55 281 
56 281 
57 281 
58 281 
59 281 
60 281 
61 281 
62 281 
63 281 
64 281 
65 281 
66 281 
67 281 
68 281 
69 281 
70 281 
71 281 
72 281 
73 281 
74 281 
75 281 
76 281 
77 281 
78 281 
79 281 
80 281 
81 281 
82 281 
83 281 
84 281 
85 281 
86 281 
87 281 
88 281 
89 281 
90 281 
91 281 
92 281 
93 281 
94 281 
95 281 
96 281 
97 281 
98 281 
99 281 
100 281 
101 281 
102 281 
103 281 
104 281 
105 281 
106 281 
107 281 
108 281 
109 281 
110 281 
111 281 
112 281 
113 281 
114 281 
115 281 
116 281 
117 281 
118 281 
119 281 
120 281 
121 281 
122 281 
123 281 
124 281 
125 281 
126 281 
127 281 
128 281 
129 281 
130 281 
131 281 
132 281 
133 281 
134 281 
135 281 
136 282 
137 296 
138 296 
139 296 
140 296 
141 296 
142 296 
143 296 
144 296 
145 296 
146 296 
147 296 
148 296 
149 296 
150 296 
151 296 
152 296 
153 296 
154 296 
155 296 
156 296 
157 296 
158 296 
159 296 
160 296 
161 296 
162 296 
163 296 
164 296 
165 296 
166 296 
167 296 
168 296 
169 296 
170 296 
171 296 
172 296 
173 296 
174 296 
175 296 
176 296 
177 296 
178 296 
179 296 
180 296 
181 296 
182 296 
183 296 
184 296 
185 296 
186 296 
187 296 
188 296 
189 296 
190 296 
191 296 
192 296 
193 296 
194 296 
195 296 
196 296 
197 296 
198 296 
199 296 
200 296 
201 296 
202 296 
203 296 
204 296 
205 296 
206 296 
207 296 
208 296 
209 296 
210 296 
211 296 
212 296 
213 296 
214 296 
215 296 
216 296 
217 296 
218 296 
219 296 
220 296 
221 296 
222 296 
223 296 
224 296 
225 296 
226 296 
227 296 
228 296 
229 296 
230 296 
231 296 
232 296 
233 296 
234 296 
235 296 
236 296 
237 296 
238 296 
239 296 
240 296 
241 296 
242 296 
243 296 
244 296 
245 296 
246 296 
247 296 
248 296 
249 296 
250 296 
251 296 
252 296 
253 296 
254 296 
255 296 
256 296 
257 296 
258 296 
259 296 
260 296 
261 296 
262 296 
263 296 
264 296 
265 296 
266 296 
267 296 
268 296 
269 296 
270 296 
271 296 
272 296 
273 296 
274 296 
275 296 
276 296 
277 296 
278 296 
279 296 
280 296 
281 297 
282 291 
