3872 282
3873 270
3874 280
3875 290
3876 294
3877 295
3878 298
3879 298
3880 296
3881 298
3882 300
3883 293
3884 296
3885 300
3886 296
3887 294
3888 300
3889 296
3890 297
3891 301
3892 290
3893 263
3894 284
3895 285
3896 285
3897 306
3898 317
3899 316
3900 309
3901 251
3902 255
3903 311
3904 318
3905 317
3906 318
3907 317
3908 317
3909 317
3910 318
3911 318
3912 317
3913 318
3914 317
3915 317
3916 318
3917 318
3918 317
3919 317
3920 315
3921 316
3922 316
3923 316
3924 316
3925 317
3926 318
3927 316
3928 314
3929 316
3930 315
3931 314
3932 316
3933 315
3934 316
3935 312
3936 315
3937 314
3938 314
3939 313
3940 315
3941 315
3942 314
3943 315
3944 315
3945 315
3946 314
3947 315
3948 315
3949 314
3950 313
3951 298
3952 314
3953 316
3954 314
3955 317
3956 318
3957 315
3958 316
3959 314
3960 315
3961 315
3962 315
3963 314
3964 314
3965 314
3966 313
3967 315
3968 313
3969 315
3970 314
3971 313
3972 313
3973 314
3974 314
3975 315
3976 314
3977 314
3978 313
3979 314
3980 312
3981 314
3982 313
3983 313
3984 313
3985 313
3986 312
3987 315
3988 315
3989 315
3990 315
3991 314
3992 316
3993 312
3994 314
3995 315
3996 313
3997 314
3998 314
3999 314
4000 313
4001 304
4002 315
4003 313
4004 314
4005 315
4006 314
4007 315
4008 314
4009 315
4010 313
4011 319
4012 315
4013 315
4014 316
4015 314
4016 314
4017 316
4018 313
4019 315
4020 316
4021 315
4022 316
4023 315
4024 316
4025 316
4026 316
4027 302
4028 292
4029 317
4030 316
4031 315
4032 317
4033 315
4034 316
4035 314
4036 312
4037 315
4038 315
4039 315
4040 318
4041 315
4042 317
4043 316
4044 316
4045 317
4046 316
4047 317
4048 316
4049 317
4050 316
4051 309
4052 316
4053 317
4054 314
4055 316
4056 315
4057 316
4058 315
4059 314
4060 317
4061 316
4062 314
4063 313
4064 315
4065 316
4066 317
4067 316
4068 318
4069 317
4070 315
4071 316
4072 316
4073 315
4074 316
4075 315
4076 314
4077 316
4078 317
4079 315
4080 315
4081 314
4082 315
4083 315
4084 314
4085 317
4086 316
4087 315
4088 316
4089 314
4090 316
4091 313
4092 314
4093 314
4094 314
4095 316
4096 319
4097 315
4098 317
4099 317
4100 315
4101 310
4102 317
4103 317
4104 319
4105 316
4106 319
4107 317
4108 315
4109 316
4110 315
4111 315
4112 316
4113 317
4114 316
4115 315
4116 317
4117 315
4118 316
4119 312
4120 313
4121 314
4122 314
4123 314
4124 287
4125 269
4126 237
4127 181
