6269 268
6270 275
6271 278
6272 276
6273 277
6274 278
6275 278
6276 277
6277 278
6278 278
6279 278
6280 278
6281 278
6282 278
6283 278
6284 278
6285 277
6286 278
6287 277
6288 276
6289 277
6290 277
6291 277
6292 278
6293 277
6294 277
6295 277
6296 277
6297 277
6298 278
6299 278
6300 277
6301 278
6302 277
6303 278
6304 278
6305 277
6306 277
6307 277
6308 278
6309 276
6310 278
6311 277
6312 277
6313 277
6314 277
6315 277
6316 278
6317 277
6318 278
6319 277
6320 278
6321 277
6322 276
6323 276
6324 278
6325 276
6326 276
6327 277
6328 277
6329 278
6330 277
6331 278
6332 277
6333 278
6334 278
6335 277
6336 278
6337 278
6338 277
6339 278
6340 278
6341 278
6342 277
6343 278
6344 277
6345 277
6346 277
6347 277
6348 279
6349 277
6350 279
6351 277
6352 277
6353 277
6354 279
6355 278
6356 278
6357 277
6358 278
6359 277
6360 277
6361 278
6362 277
6363 276
6364 276
6365 275
6366 276
6367 276
6368 275
6369 276
6370 278
6371 275
6372 277
6373 276
6374 276
6375 277
6376 277
6377 276
6378 276
6379 276
6380 275
6381 277
6382 276
6383 277
6384 276
6385 277
6386 277
6387 277
6388 277
6389 277
6390 276
6391 278
6392 277
6393 279
6394 278
6395 277
6396 278
6397 277
6398 277
6399 277
6400 280
6401 278
6402 276
6403 234
