8420 272
8421 279
8422 283
8423 279
8424 293
8425 278
8426 283
8427 258
8428 277
8429 262
8430 257
8431 260
8432 274
8433 274
8434 273
8435 273
8436 277
8437 274
8438 275
8439 274
8440 274
8441 273
8442 276
8443 275
8444 275
8445 275
8446 274
8447 276
8448 277
8449 274
8450 276
8451 275
8452 271
8453 274
8454 274
8455 276
8456 275
8457 273
8458 275
8459 275
8460 275
8461 273
8462 276
8463 276
8464 276
8465 275
8466 276
8467 274
8468 275
8469 275
8470 275
8471 275
8472 275
8473 274
8474 274
8475 275
8476 274
8477 275
8478 274
8479 274
8480 275
8481 274
8482 274
8483 275
8484 273
8485 274
8486 274
8487 273
8488 274
8489 275
8490 275
8491 274
8492 273
8493 273
8494 274
8495 275
8496 275
8497 275
8498 275
8499 275
8500 274
8501 274
8502 267
8503 288
8504 277
8505 275
8506 276
8507 274
8508 275
8509 273
8510 275
8511 275
8512 275
8513 274
8514 275
8515 275
8516 275
8517 276
8518 277
8519 276
8520 277
8521 277
8522 276
8523 277
8524 276
8525 276
8526 276
8527 278
8528 276
8529 277
8530 276
8531 276
8532 277
8533 277
8534 275
8535 275
8536 276
8537 276
8538 276
8539 276
8540 278
8541 275
8542 278
8543 274
8544 276
8545 276
8546 276
8547 276
8548 275
8549 275
8550 276
8551 274
8552 271
8553 276
8554 275
8555 275
8556 276
8557 278
8558 276
8559 276
8560 276
8561 277
8562 274
8563 276
8564 275
8565 277
8566 276
8567 274
8568 276
8569 278
8570 270
8571 271
8572 271
8573 271
8574 272
8575 272
8576 272
8577 272
8578 272
8579 271
8580 272
8581 272
8582 272
8583 272
8584 272
8585 271
8586 271
8587 272
8588 271
8589 271
8590 271
8591 272
8592 271
8593 272
8594 272
8595 273
8596 273
8597 272
8598 273
8599 273
8600 273
8601 272
8602 269
8603 269
8604 267
8605 268
8606 267
8607 267
8608 268
8609 267
8610 268
8611 267
8612 267
8613 267
8614 268
8615 267
8616 267
8617 267
8618 267
8619 267
8620 267
8621 266
8622 266
8623 266
8624 265
8625 266
8626 266
8627 266
8628 266
8629 266
8630 266
8631 266
8632 265
8633 266
8634 268
8635 266
8636 267
8637 266
8638 266
8639 267
8640 268
8641 267
8642 267
8643 266
8644 267
8645 267
8646 268
8647 267
8648 267
8649 267
8650 268
8651 267
8652 266
8653 268
8654 267
8655 268
8656 266
8657 268
8658 268
8659 268
8660 266
8661 267
8662 265
8663 267
8664 266
8665 268
8666 267
8667 266
8668 266
8669 268
8670 266
8671 269
8672 267
8673 266
8674 267
8675 267
8676 266
8677 268
8678 266
8679 266
8680 265
8681 267
8682 264
8683 266
8684 266
8685 265
8686 267
8687 266
8688 265
8689 268
8690 267
8691 267
8692 266
8693 268
8694 268
8695 267
8696 267
8697 267
8698 265
8699 266
8700 266
8701 266
8702 266
8703 266
8704 267
8705 266
8706 266
8707 266
8708 267
8709 268
8710 267
8711 268
8712 267
8713 268
8714 260
8715 274
8716 266
8717 183
8718 180
